,id,signal,preference,max_positions,date,signal_n,preference_n,percent_return,spy_percent_return,spy_cagr,cagr,excess_cagr,volatility,sharpe_ratio,sortino_ratio,calmar_ratio,r_squared,pure_profit_score,jensens_alpha,alpha,beta,dollar_max_drawdown,percent_max_drawdown,log_max_drawdown_ratio,number_of_trades,days_traded,avg_trades_per_day,average_trade_length,average_active_trades,winning_trade_quant,losing_trade_quant,positive_trade_ratio,average_winning_trade_return,average_losing_trade_return,average_return_per_trade,average_return_per_day,final_equity,A_score,W_score,P_score,V_score,edge_score
0,MASIGNA_ROLLISHARPRATIO_MAXPOS5_210519_0,MASIGNA,ROLLISHARPRATIO,5,210519,5,5,-0.2994584289490714,1.840024706609018,0.11016653428843459,-0.03500664082019522,-0.14517317510862981,0.1628127111250258,-0.21570890193294662,-0.28956799468933186,-0.071914456838053,0.8482386710170731,-0.010115502485248775,-0.0004756808174303883,-0.0004756808174303883,0.8051594353231301,5825.227263121064,0.48678168979330616,-1.0229555385156175,3725,2516,1.480524642289348,3.2174496644295303,4.817122186495177,1490,2235,0.4,0.023572791823496607,-0.015429514737647443,0.00017140788681017731,-0.00014151155870356224,7005.415710509286,4.524319182569612,1.9957064856656592,-2.1848321407086253,7.2753596293113105,5.509046565280562
1,MASIGNA_ROLLISHARPRATIO_MAXPOS5_210519_0,MASIGNA,ROLLISHARPRATIO,5,210519,5,10,0.22215163964199314,1.840024706609018,0.11016653428843459,0.02028912305239383,-0.08987741123604076,0.15823285757866917,0.12836263171725834,0.17895146080077648,0.06342751256732287,0.7213855189787399,0.009076529618590085,-0.00022569982185129293,-0.00022569982185129293,0.7360017351346577,5244.857392413473,0.31987890161794796,-0.1848714664006632,4036,2516,1.6041335453100158,2.949207135777998,4.7880128720836685,1714,2322,0.42467789890981167,0.021002643703646504,-0.01395236713763879,0.0008922534228079374,7.976657829453785e-05,12221.516396419931,4.774300178148707,2.032978173687775,1.1626310855693938,5.923139068033607,16.892691427788563
2,MASIGNA_ROLLISHARPRATIO_MAXPOS5_210519_0,MASIGNA,ROLLISHARPRATIO,5,210519,5,15,0.18223097534786992,1.840024706609018,0.11016653428843459,0.016902234452505605,-0.09326429983592899,0.15849764763318164,0.10663923839469643,0.15115078112320113,0.050322179128104765,0.7141043367789979,0.007414689107397222,-0.0002374819772922002,-0.0002374819772922002,0.7325743838576159,5884.2855353600935,0.3358804158595303,-0.2418897386145229,3954,2516,1.5715421303656598,3.0,4.783064516129032,1657,2297,0.41906929691451694,0.02213913222689565,-0.014434983033130542,0.0008921057341591395,6.65619524888811e-05,11822.3097534787,4.7625180227078,2.0263280386240012,0.9576583216042746,5.899014836841559,16.190543028203784
3,MASIGNA_ROLLISHARPRATIO_MAXPOS5_210519_0,MASIGNA,ROLLISHARPRATIO,5,210519,5,20,-0.1074881106562594,1.840024706609018,0.11016653428843459,-0.011321001467314296,-0.12148753575574889,0.15314167855245706,-0.07402302501696449,-0.10205477018032313,-0.02673521565173882,0.6957244790888172,-0.004266077933257997,-0.0003457466801165161,-0.0003457466801165161,0.7241121123285645,5688.8752519674745,0.42344904244593196,-0.6644069959555257,3875,2516,1.5401430842607313,3.054193548387097,4.7856854023453295,1629,2246,0.42038709677419356,0.02129246126713839,-0.014557402103396589,0.0005134178786941135,-4.5214888279733146e-05,8925.118893437406,4.654253319883484,2.002058109464492,-0.6317750394015808,5.891860483625363,10.93478357761971
4,MASIGNA_ROLLISHARPRATIO_MAXPOS5_210519_0,MASIGNA,ROLLISHARPRATIO,5,210519,5,25,-0.2924760313729421,1.840024706609018,0.11016653428843459,-0.034047923386608336,-0.14421445767504293,0.15311635726549075,-0.22274613952243627,-0.3021091427425614,-0.07352693747838827,0.7201860556765324,-0.012705151065084514,-0.0004427989556225907,-0.0004427989556225907,0.7354342050910736,5980.908652475613,0.46306734040998265,-0.9678663655930464,3869,2516,1.537758346581876,3.050400620315327,4.793663688058489,1637,2232,0.4231067459291807,0.02041775159113956,-0.014608015191721125,0.00021162301544944595,-0.00013756810024671435,7075.239686270579,4.5572010443774085,1.9808254920698942,-1.9463372858766061,6.117666543501349,7.061180882458535
5,MASIGNA_ROLLISHARPRATIO_MAXPOS5_210519_0,MASIGNA,ROLLISHARPRATIO,5,210519,5,30,0.02468624238679329,1.840024706609018,0.11016653428843459,0.0024446375378337493,-0.10772189675060084,0.15673338820247876,0.015613953600993036,0.021681711912139152,0.00657675726062337,0.7412004729270142,1.4480588957021365e-05,-0.0002997381022707107,-0.0002997381022707107,0.7455626372893059,5834.919727401577,0.3717086462154203,-0.4403648202108279,3847,2516,1.5290143084260732,3.0566675331427087,4.787866449511401,1638,2209,0.42578632700805824,0.02130352562432995,-0.01459873724646039,0.0006879553925712116,9.696405861703217e-06,10246.862423867933,4.700261897729289,1.9998208988102895,0.1426429868638881,6.141228016672845,12.732084139336537
6,MASIGNA_ROLLISHARPRATIO_MAXPOS5_210519_0,MASIGNA,ROLLISHARPRATIO,5,210519,5,35,-0.27746016606799884,1.840024706609018,0.11016653428843459,-0.03201468379890737,-0.14218121808734197,0.1551184355464013,-0.20659029706527307,-0.28406915170070646,-0.0609925396573854,0.7225217596042022,-0.020070474270247746,-0.00043490788453901224,-0.00043490788453901224,0.736540726637219,7452.507002211787,0.524895076983908,-1.0692023358254765,3855,2516,1.532193958664547,3.0487678339818416,4.78542345276873,1598,2257,0.414526588845655,0.021194985576979134,-0.014648556239185656,0.0002095448820157271,-0.00012921778411349876,7225.3983393200115,4.565092115460987,1.9946434798472046,-1.8201121669846014,6.239131451630342,7.268696154595967
7,MASIGNA_ROLLISHARPRATIO_MAXPOS5_210519_0,MASIGNA,ROLLISHARPRATIO,5,210519,5,40,-0.0052781426306608425,1.840024706609018,0.11016653428843459,-0.0005297245808285611,-0.11069625886926315,0.15589696367523215,-0.003398283897051483,-0.004773905935974251,-0.0014546164985927063,0.7334964570550537,-0.00013951121306047094,-0.00030997848832105225,-0.00030997848832105225,0.7418033317491732,5427.566717983191,0.36416786234794685,-0.45811280622275596,3835,2516,1.5242448330683624,3.0534550195567145,4.775693311582382,1644,2191,0.4286831812255541,0.021025949989383345,-0.014655860213435025,0.0006403316961955891,-2.1042231548896193e-06,9947.218573693392,4.690021511678948,1.990732998954861,-0.030781756086784188,6.070448470023187,12.299222419445956
8,MASIGNA_ROLLISHARPRATIO_MAXPOS5_210519_0,MASIGNA,ROLLISHARPRATIO,5,210519,5,45,-0.23091538455587646,1.840024706609018,0.11016653428843459,-0.025945298971973174,-0.13611183326040777,0.15341042022539345,-0.16932975600633202,-0.23171128916496514,-0.05760455965211245,0.7039195782195882,-0.015491901697123084,-0.00040647963841072273,-0.00040647963841072273,0.7278527752826208,5698.915416785555,0.45040356403491266,-0.861125305317108,3799,2516,1.5099364069952306,3.074756514872335,4.769701919150673,1628,2171,0.42853382469070805,0.020653643622752408,-0.014965182430106591,0.00029868932931811367,-0.00010439534093137436,7690.846154441236,4.593520361589277,1.9648326482476242,-1.4690921055168016,5.988662625162241,8.309073154213536
9,MASIGNA_ROLLISHARPRATIO_MAXPOS5_210519_0,MASIGNA,ROLLISHARPRATIO,5,210519,5,50,-0.06259695856097935,1.840024706609018,0.11016653428843459,-0.006451269447513175,-0.11661780373594777,0.1514093525725935,-0.04265538409478939,-0.058762807057021145,-0.01637907681421655,0.6672706321384163,-0.0013050012293102974,-0.0003210001890269926,-0.0003210001890269926,0.7115007220222496,5335.264584104052,0.3938725924964016,-0.5653070205566806,3772,2516,1.4992050874403815,3.0896076352067867,4.776229508196721,1609,2163,0.42656415694591726,0.020908380797649846,-0.0145900057251561,0.0005523335948849296,-2.5702564195263285e-05,9374.030414390207,4.678999810973007,1.9922094765406557,-0.352831147772339,5.658692716641516,12.20526895280693
10,MASIGNA_ROLLISHARPRATIO_MAXPOS5_210519_0,MASIGNA,ROLLISHARPRATIO,5,210519,5,55,-0.19589116469906787,1.840024706609018,0.11016653428843459,-0.021592431609543827,-0.13175896589797842,0.1533683114590275,-0.14106778600654485,-0.19136358043854043,-0.05131990499161126,0.7061246153554213,-0.00861004762514531,-0.00038919380708818673,-0.00038919380708818673,0.7288680579468522,5619.466316882003,0.42074184691248595,-0.7640276921952953,3761,2516,1.4948330683624802,3.092262696091465,4.774220032840723,1586,2175,0.42169635735176814,0.021099006606183232,-0.014775053005684618,0.00035290725606024144,-8.668813187863985e-05,8041.0883530093215,4.610806192911814,1.9852039129266466,-1.217619861049459,5.957771125163365,9.101141648514938
11,MASIGNA_ROLLISHARPRATIO_MAXPOS5_210519_0,MASIGNA,ROLLISHARPRATIO,5,210519,5,60,-0.012335185472593047,1.840024706609018,0.11016653428843459,-0.0012419487497303816,-0.11140848303816497,0.15215172453064912,-0.008177550974739012,-0.011166856826617126,-0.0029686353318121358,0.6808505928538566,-0.0005063415130927882,-0.00030270169153990737,-0.00030270169153990737,0.7174494253843053,6009.04412079531,0.41835679055004116,-0.5543099567660921,3717,2516,1.4773449920508743,3.1210653753026634,4.768187422934648,1610,2107,0.4331450094161959,0.02093198549708086,-0.014892987310089487,0.0006244208738072715,-4.935147254869853e-06,9876.64814527407,4.697298308460092,1.9748467862518384,-0.06917627227222176,5.783873851355663,12.721390975611689
12,MASIGNA_ROLLISHARPRATIO_MAXPOS5_210519_0,MASIGNA,ROLLISHARPRATIO,5,210519,10,5,0.42054559274557857,1.840024706609018,0.11016653428843459,0.035772375122274935,-0.07439415916615966,0.15921922795948293,0.22492567229284396,0.3154947184443501,0.14388531215503303,0.7631619280107471,0.023113522615509897,-0.00017443542997270262,-0.00017443542997270262,0.7565975058258385,3901.1121626685363,0.24861728126725713,0.06520087319743162,3682,2516,1.4634340222575517,3.234926670287887,4.797019734192509,1542,2140,0.418794133623031,0.025048280002615927,-0.016038457151784518,0.0011684273381898154,0.0001395789336233949,14205.455927455785,4.825564570027297,1.9884527329658859,2.114068780740511,6.12024437402638,19.471578658240514
13,MASIGNA_ROLLISHARPRATIO_MAXPOS5_210519_0,MASIGNA,ROLLISHARPRATIO,5,210519,10,10,0.4708719216837025,1.840024706609018,0.11016653428843459,0.0393890973682236,-0.07077743692021099,0.16140079531301002,0.2442763191882833,0.3437274665416222,0.14211077375951883,0.792349345096949,0.03030343793177127,-0.0001670221196725228,-0.0001670221196725228,0.7720886707493467,3148.348525277079,0.2771717887827294,0.061271678388138184,2582,2516,1.0262321144674087,4.6510457010069715,4.84233870967742,1031,1551,0.3993028659953524,0.028983742044862284,-0.01675580364650818,0.001508128037381421,0.00015342161787387345,14708.719216837026,4.832977880327477,2.013823930978511,2.3469052485886803,6.408566626473553,19.60013185982925
14,MASIGNA_ROLLISHARPRATIO_MAXPOS5_210519_0,MASIGNA,ROLLISHARPRATIO,5,210519,10,15,1.030394310710928,1.840024706609018,0.11016653428843459,0.07348500025607918,-0.03668153403235541,0.15445537093568654,0.47580615055262326,0.6833930703907362,0.29321109987714145,0.7262015409046603,0.04564623505191043,-2.481506616715365e-05,-2.481506616715365e-05,0.7382932485891482,4263.87158224636,0.2506214815430595,0.41971895789792946,2812,2516,1.1176470588235294,4.215860597439545,4.786031489705288,1155,1657,0.41073968705547653,0.025605632515792225,-0.014470668737888397,0.001990258697389383,0.0002816023920161978,20303.94310710928,4.975184933832846,2.087358304777825,4.177406321389881,5.837867548085024,30.42500253039258
15,MASIGNA_ROLLISHARPRATIO_MAXPOS5_210519_0,MASIGNA,ROLLISHARPRATIO,5,210519,10,20,0.855449559440036,1.840024706609018,0.11016653428843459,0.06384419922816864,-0.04632233506026595,0.15263975071595182,0.4183529141055155,0.5979192714708069,0.26765401627586266,0.6916368247125583,0.031056259803004468,-5.398901460927847e-05,-5.398901460927847e-05,0.7222649726722076,4692.887675728929,0.23853256572233317,0.34561914400883076,3014,2516,1.197933227344992,3.9170537491705373,4.766249495357287,1228,1786,0.40743198407431985,0.02543713230933703,-0.0145932898584202,0.0017163844687217628,0.0002457761498209934,18554.49559440036,4.946010985390721,2.0771617315281987,3.5084583996827714,5.58076242118678,28.48744402440323
16,MASIGNA_ROLLISHARPRATIO_MAXPOS5_210519_0,MASIGNA,ROLLISHARPRATIO,5,210519,10,25,0.5442891580609095,1.840024706609018,0.11016653428843459,0.04447041492218351,-0.06569611936625108,0.15078559100339384,0.29525026963615764,0.41384224536201225,0.1685422932628002,0.7157726602211951,0.029412387694307596,-0.0001315794648958238,-0.0001315794648958238,0.7333557341690583,4390.914313548239,0.2638531496236547,0.12823805741714622,2975,2516,1.1824324324324325,3.942857142857143,4.75669099756691,1204,1771,0.4047058823529412,0.025277274898318672,-0.014728313504629569,0.0014621834490341915,0.00017278875252684238,15442.891580609095,4.868420535104176,2.066424211715334,2.491407284983765,5.775958859427481,22.867477150179884
17,MASIGNA_ROLLISHARPRATIO_MAXPOS5_210519_0,MASIGNA,ROLLISHARPRATIO,5,210519,10,30,0.5081661917938232,1.840024706609018,0.11016653428843459,0.04199811366042039,-0.0681684206280142,0.154771235653532,0.2718062361447055,0.3786286066130885,0.10473526168212086,0.7423346462289485,0.00350290012213276,-0.0001462885950729217,-0.0001462885950729217,0.7461206865445278,6939.395184467445,0.4009930656199411,-0.10158763406600002,2939,2516,1.1681240063593006,3.986389928547125,4.764538430256201,1162,1777,0.39537257570602247,0.026710691702850883,-0.015109589848194611,0.001425002585393298,0.000163377522971479,15081.661917938232,4.853711404927078,2.068179783665778,2.389077860955302,6.1875827114417365,20.92659350298421
18,MASIGNA_ROLLISHARPRATIO_MAXPOS5_210519_0,MASIGNA,ROLLISHARPRATIO,5,210519,10,35,0.4496467521587644,1.840024706609018,0.11016653428843459,0.03787753389189574,-0.07228900039653885,0.1542381252578358,0.2457463386609628,0.34708950378679826,0.11459891814078375,0.7127109977965893,0.015170289762634135,-0.00015613166551351948,-0.00015613166551351948,0.7319234653090614,5048.637606375209,0.3305226131835165,-0.029937983096001375,2917,2516,1.1593799682034975,4.001028453890984,4.752035830618892,1142,1775,0.39149811450119987,0.02669554459568634,-0.015009170443243704,0.001318146860307243,0.00014764211035851063,14496.467521587643,4.843868334486481,2.0737254060921417,2.0912359037399813,5.866911472827711,20.934869567102396
19,MASIGNA_ROLLISHARPRATIO_MAXPOS5_210519_0,MASIGNA,ROLLISHARPRATIO,5,210519,10,40,0.6682266503270526,1.840024706609018,0.11016653428843459,0.05257468750237049,-0.057591846786064105,0.15198339863774926,0.34595695723201214,0.4939516659897365,0.20988594671573976,0.6539946966332976,0.030756423267168813,-8.944859650760107e-05,-8.944859650760107e-05,0.7058012993726738,3056.621722510865,0.2504916995399188,0.22342328935894962,2857,2516,1.1355325914149443,4.078053902695134,4.749694251936404,1140,1717,0.3990199509975499,0.027125465465066417,-0.015318531504858658,0.0016174700862210019,0.00020348356906422984,16682.266503270526,4.9105514034923985,2.0629429310834917,2.7680958017305293,5.3622605402277745,25.986615139961625
20,MASIGNA_ROLLISHARPRATIO_MAXPOS5_210519_0,MASIGNA,ROLLISHARPRATIO,5,210519,10,45,0.33901838028226083,1.840024706609018,0.11016653428843459,0.02966107149418895,-0.08050546279424564,0.14865828344750573,0.19969650044619822,0.2799139370952217,0.08152039083521245,0.6290840047863767,0.0006471443820084973,-0.00017253492352573978,-0.00017253492352573978,0.6953949594985127,5983.45276982581,0.3638484947176793,-0.16038173467089223,2882,2516,1.145468998410175,4.033310201249132,4.746427113107391,1158,1724,0.40180430256766136,0.02555592635263586,-0.015103205370940119,0.0012338086942580027,0.00011607824790748039,13390.183802822608,4.827465076474261,2.049353372104752,1.5288625893475778,5.376632423556273,20.330150157938423
21,MASIGNA_ROLLISHARPRATIO_MAXPOS5_210519_0,MASIGNA,ROLLISHARPRATIO,5,210519,10,50,0.3068566351247499,1.840024706609018,0.11016653428843459,0.027157713948865014,-0.08300882033956958,0.15283365884268896,0.17788740702705758,0.24702976254524803,0.08725199794446215,0.6620588544868209,0.0019628532247012477,-0.00018795204300105803,-0.00018795204300105803,0.7092499354617643,4803.497548978583,0.3112560696449783,-0.10526099251446475,2818,2516,1.1200317965023847,4.117459190915543,4.74560327198364,1107,1711,0.3928317955997161,0.026472433000644724,-0.0150969990705,0.0012327955720682095,0.00010641142687517753,13068.566351247498,4.812047956998942,2.065012601197965,1.4324209261191214,5.506058749133537,19.5475806623571
22,MASIGNA_ROLLISHARPRATIO_MAXPOS5_210519_0,MASIGNA,ROLLISHARPRATIO,5,210519,10,55,-0.0236914721086825,1.840024706609018,0.11016653428843459,-0.002397741246419227,-0.11256427553485382,0.1514807321349507,-0.015848912156522912,-0.021828381021249035,-0.00557582652731922,0.6354365350421817,-0.0004936561775689361,-0.0002992339161661265,-0.0002992339161661265,0.6980147254660627,6640.744330045025,0.43002436224859164,-0.5861382877339647,2852,2516,1.1335453100158983,4.051192145862553,4.737187371873719,1129,1723,0.3958625525946704,0.025142342856821286,-0.015294369051322611,0.0007130109431705381,-9.53345044930576e-06,9763.085278913175,4.700766083833873,2.031342613499245,-0.12363941799106988,5.523649621967448,13.513954477998523
23,MASIGNA_ROLLISHARPRATIO_MAXPOS5_210519_0,MASIGNA,ROLLISHARPRATIO,5,210519,10,60,0.27501359613700815,1.840024706609018,0.11016653428843459,0.024623936678730862,-0.08554259760970373,0.15418083510969502,0.15986486981388925,0.22254938036538077,0.07794832822586374,0.665229946945461,0.00037644309818019326,-0.00019832785294237492,-0.00019832785294237492,0.7106172933518587,5014.118342420103,0.31590076707457193,-0.13669545231553215,2810,2516,1.116852146263911,4.111032028469751,4.748047677764077,1120,1690,0.398576512455516,0.026331827079170037,-0.015487847891905455,0.0011804923100890462,9.660311816715832e-05,12750.135961370082,4.801672147057626,2.0404988449726447,1.3097551447357267,5.536827816900725,18.76264360095643
24,MASIGNA_ROLLISHARPRATIO_MAXPOS5_210519_0,MASIGNA,ROLLISHARPRATIO,5,210519,15,5,0.451059038876491,1.840024706609018,0.11016653428843459,0.03797872722476092,-0.07218780706367367,0.1570595679050408,0.2420844110890699,0.33923671856988824,0.11267915875392624,0.6714097331320079,0.008439703705931044,-0.00014801538071898212,-0.00014801538071898212,0.7133006785119063,5322.556365672099,0.3370519237519385,-0.038764946751216556,3630,2516,1.4427662957074723,3.218732782369146,4.730364372469635,1501,2129,0.4134986225895317,0.025674127963736554,-0.0160251979459151,0.001217415880637829,0.00014802928885879516,14510.590388764911,4.851984619281018,1.999888896058772,2.060171925290612,5.61735087471588,21.196879743467807
25,MASIGNA_ROLLISHARPRATIO_MAXPOS5_210519_0,MASIGNA,ROLLISHARPRATIO,5,210519,15,10,0.8688257527471215,1.840024706609018,0.11016653428843459,0.06460960587758713,-0.045556928410847464,0.15920678068197974,0.40598197328175356,0.5814126988750284,0.22454175399219845,0.7565642572624401,0.040168645240928696,-6.398459734104198e-05,-6.398459734104198e-05,0.7532304572785181,5567.164544623714,0.2877398289132094,0.28599826843641374,2430,2516,0.965818759936407,4.917695473251029,4.826332794830371,1002,1428,0.4123456790123457,0.0306159074975172,-0.01802973257832156,0.0020290869097403462,0.0002486323236271819,18688.257527471214,4.936015402658958,1.973968566643896,3.77614051445547,6.1316625360726125,26.139396142877448
26,MASIGNA_ROLLISHARPRATIO_MAXPOS5_210519_0,MASIGNA,ROLLISHARPRATIO,5,210519,15,15,1.3962533156556698,1.840024706609018,0.11016653428843459,0.09144056273301682,-0.018725971555417775,0.1636600621297434,0.5592960232513857,0.7941293415178649,0.3016452087179692,0.7907506786389293,0.05943396675865407,2.7397426514268262e-05,2.7397426514268262e-05,0.7712129116161386,6628.104248352232,0.3031394502225012,0.5127364387680284,1964,2516,0.78060413354531,6.102342158859471,4.842424242424243,796,1168,0.40529531568228105,0.034819505490099066,-0.018372713526501924,0.003185843671672408,0.00034747769346399945,23962.5331565567,5.027397426514268,2.0134759920864855,5.468355938765106,6.443811763008328,32.7304673730177
27,MASIGNA_ROLLISHARPRATIO_MAXPOS5_210519_0,MASIGNA,ROLLISHARPRATIO,5,210519,15,20,1.1291415205962796,1.840024706609018,0.11016653428843459,0.07860129823381135,-0.03156523605462325,0.1618417805975811,0.48584518892966094,0.6936821415888674,0.24854183692112294,0.7537041436344809,0.05572926790358638,-1.1532378338511044e-05,-1.1532378338511044e-05,0.7517850177522832,8267.48479939067,0.316249767876127,0.37555627074497266,2218,2516,0.8815580286168522,5.343101893597836,4.792155276991508,910,1308,0.4102795311091073,0.030724996114364068,-0.01687628134180035,0.0026535484531093074,0.00030048463479304615,21291.415205962796,4.9884676216614885,2.03293832298669,4.574531397890421,6.163631384634449,30.135846924493453
28,MASIGNA_ROLLISHARPRATIO_MAXPOS5_210519_0,MASIGNA,ROLLISHARPRATIO,5,210519,15,25,0.8452184680587107,1.840024706609018,0.11016653428843459,0.06325540146409891,-0.04691113282433568,0.1569273746781311,0.4033794322670308,0.5714306619010836,0.2179550592996285,0.7523557074998807,0.03868733088069275,-6.815780077022374e-05,-6.815780077022374e-05,0.751106507422504,5996.789383485073,0.29022222134857656,0.26979433560182287,2505,2516,0.9956279809220986,4.69500998003992,4.757686084142395,1036,1469,0.41357285429141716,0.02723516133147904,-0.015657286489215883,0.00208186558353459,0.0002435776069003607,18452.184680587106,4.931842199229776,2.0456969559208122,3.6875639627284,6.097047967619195,26.49879734818579
29,MASIGNA_ROLLISHARPRATIO_MAXPOS5_210519_0,MASIGNA,ROLLISHARPRATIO,5,210519,15,30,0.7173388144970541,1.840024706609018,0.11016653428843459,0.05563691612328259,-0.054529618165152005,0.15258667822970853,0.3650641061129395,0.5142845093026425,0.18449246079930096,0.7159994355354555,0.02674423227728884,-8.939212908129707e-05,-8.939212908129707e-05,0.7334621034594854,5266.2666385968405,0.3015674238515734,0.1818592602254121,2606,2516,1.0357710651828298,4.491941673062164,4.743111831442463,1062,1544,0.40752110514198003,0.026841214682837507,-0.015497451690436382,0.0017564484202377813,0.00021502023530826025,17173.38814497054,4.910607870918702,2.048281583239108,3.1254609042227792,5.83981828679015,25.206393521487342
30,MASIGNA_ROLLISHARPRATIO_MAXPOS5_210519_0,MASIGNA,ROLLISHARPRATIO,5,210519,15,35,0.1593369265929232,1.840024706609018,0.11016653428843459,0.0149131684657835,-0.09525336582265109,0.15289289975191478,0.09765997122831736,0.13536756636258476,0.04640058609540969,0.6842491987150667,0.0020013051105237925,-0.00023960602135860004,-0.00023960602135860004,0.718957848725138,4839.581622077285,0.3214004330703665,-0.2398758381362711,2621,2516,1.041732909379968,4.440671499427699,4.733224888165921,1017,1604,0.3880198397558184,0.027130396960662186,-0.015454409862183648,0.001069340057249475,5.878657124375003e-05,11593.369265929232,4.7603939786414005,2.0553512964897585,0.7995464405679998,5.6604023243712795,16.52202986818363
31,MASIGNA_ROLLISHARPRATIO_MAXPOS5_210519_0,MASIGNA,ROLLISHARPRATIO,5,210519,15,40,0.9348485293004298,1.840024706609018,0.11016653428843459,0.06831679646314326,-0.04184973782529133,0.15891027170861022,0.4300986579860041,0.6117839234789123,0.17410959232862472,0.7298978194959977,0.03221583148759317,-4.471612636747967e-05,-4.471612636747967e-05,0.7400657834299172,9073.97027629287,0.3923781312071428,0.16182652716653934,2561,2516,1.017885532591415,4.532213978914487,4.727902240325865,1003,1558,0.39164388910581804,0.03034167313824071,-0.01602011935346928,0.002137193363900935,0.0002624369956208541,19348.485293004298,4.95528387363252,2.0727080308145465,3.831006831573809,6.100502792463809,27.412337243743522
32,MASIGNA_ROLLISHARPRATIO_MAXPOS5_210519_0,MASIGNA,ROLLISHARPRATIO,5,210519,15,45,0.25305521906631134,1.840024706609018,0.11016653428843459,0.022843303275474236,-0.08732323101296036,0.1489154495177248,0.15355483652984853,0.21402209774406,0.06305407966691129,0.6339201968219048,0.005186106812211911,-0.00019974433462880537,-0.00019974433462880537,0.6973872898880384,6261.407149681301,0.36228113067617496,-0.22427299201319073,2513,2516,0.9988076311605724,4.625547154795066,4.7425540595675235,989,1524,0.3935535216872264,0.027622588177890036,-0.015942347733291354,0.0012027862166324012,8.969572343108583e-05,12530.552190663113,4.8002556653711945,2.036159813228695,1.1735446879741664,5.402982895238151,18.679408875704674
33,MASIGNA_ROLLISHARPRATIO_MAXPOS5_210519_0,MASIGNA,ROLLISHARPRATIO,5,210519,15,50,0.19820861149027924,1.840024706609018,0.11016653428843459,0.01826995815871557,-0.09189657612971902,0.15021065268554593,0.12176481620662427,0.16854630268826548,0.05214180127089317,0.627867078443712,0.00551804749043774,-0.0002165063164237464,-0.0002165063164237464,0.6948957102953289,6329.446710133139,0.3503898544623987,-0.2505552544617924,2493,2516,0.9908585055643879,4.638186923385479,4.7215189873417724,989,1504,0.39671079021259525,0.027580103581969474,-0.016252791536046855,0.0011361909235272122,7.189964917069357e-05,11982.086114902791,4.783493683576253,2.0187399629500784,0.9359497395348355,5.355123369200401,17.776911319354955
34,MASIGNA_ROLLISHARPRATIO_MAXPOS5_210519_0,MASIGNA,ROLLISHARPRATIO,5,210519,15,55,0.10623937144397111,1.840024706609018,0.11016653428843459,0.010160355104997798,-0.1000061791834368,0.15255845872230608,0.06671451872379323,0.09162448468311107,0.02309471295239235,0.6530475573581929,7.904266622148355e-06,-0.0002526195509690943,-0.0002526195509690943,0.7053990086690635,7282.6950789087805,0.43994290493856525,-0.4787502354236164,2454,2516,0.9753577106518283,4.701303993480033,4.741882449650637,977,1477,0.3981255093724531,0.027299729122503932,-0.016486097776191172,0.0009461568611458752,4.014564992428863e-05,11062.393714439711,4.7473804490309055,2.0019225953584407,0.5340145817396456,5.64704772934539,15.267391051557869
35,MASIGNA_ROLLISHARPRATIO_MAXPOS5_210519_0,MASIGNA,ROLLISHARPRATIO,5,210519,15,60,0.2495579834402637,1.840024706609018,0.11016653428843459,0.02255711938805649,-0.0876094149003781,0.15347417517094689,0.14723246215275396,0.20280157820400402,0.07048180077056004,0.6207405748608187,0.005570469604488012,-0.00019861476827609807,-0.00019861476827609807,0.6919881143492854,5174.6381473274905,0.3200417574671064,-0.16293401520688633,2452,2516,0.9745627980922098,4.706769983686787,4.735740664751744,1001,1451,0.40823817292006526,0.026708848870440314,-0.016354940722011473,0.0012253420602251661,8.858444355090135e-05,12495.579834402637,4.801385231723902,1.99935722193421,1.1605398230733133,5.279656951482041,18.791815478565844
36,MASIGNA_ROLLISHARPRATIO_MAXPOS5_210519_0,MASIGNA,ROLLISHARPRATIO,5,210519,20,5,0.8971178127482868,1.840024706609018,0.11016653428843459,0.06621241358644503,-0.04395412070198956,0.15484457703457105,0.42804421749528093,0.6065351143364422,0.22148740356264482,0.6505760833807424,0.030822952981429366,-3.7723756104954395e-05,-3.7723756104954395e-05,0.7043514646081825,6474.865388289607,0.2989443757135277,0.28516774860803373,3485,2516,1.385135135135135,3.3167862266857964,4.702603742880391,1438,2047,0.41262553802008606,0.02635238271759312,-0.015741767317290534,0.0016273539883515599,0.00025460667745297804,18971.178127482868,4.962276243895046,2.0267129117615843,3.5198572740985297,5.424009011099169,28.97123653060514
37,MASIGNA_ROLLISHARPRATIO_MAXPOS5_210519_0,MASIGNA,ROLLISHARPRATIO,5,210519,20,10,1.651340099381121,1.840024706609018,0.11016653428843459,0.1025512366722785,-0.0076152976161560915,0.16065468255439974,0.6386304084574207,0.9216136319271324,0.3417832253797076,0.7301753107040718,0.09443988015102325,8.049136295277219e-05,8.049136295277219e-05,0.7401992656360097,8619.499299316856,0.30004760051739854,0.6183222630656875,2482,2516,0.9864864864864865,4.757856567284448,4.7906693711967545,1044,1438,0.42062852538275586,0.03006128655277543,-0.017059868015605672,0.0027606337448253795,0.00038769988471400337,26513.40099381121,5.080491362952772,2.0140562296234483,5.900817827895312,5.9609900486042005,37.79283918165426
38,MASIGNA_ROLLISHARPRATIO_MAXPOS5_210519_0,MASIGNA,ROLLISHARPRATIO,5,210519,20,15,1.4223166570263128,1.840024706609018,0.11016653428843459,0.09262337782946761,-0.01754315645896698,0.16714163114981812,0.5548117402255107,0.7903662420081792,0.3881723732727965,0.8119355364800216,0.07890121807673327,2.676386499237684e-05,2.676386499237684e-05,0.7831033456912314,3253.5561481628447,0.2386140390376894,0.6121095048884087,1951,2516,0.7754372019077902,6.123013839056894,4.838396111786148,820,1131,0.4202972834443875,0.03286570037318182,-0.01828570306375012,0.0032130928451602806,0.00035177907695609697,24223.16657026313,5.026763864992377,1.992519565384892,5.706678302686444,6.5313318973280605,33.16837899807315
39,MASIGNA_ROLLISHARPRATIO_MAXPOS5_210519_0,MASIGNA,ROLLISHARPRATIO,5,210519,20,20,0.814180960671997,1.840024706609018,0.11016653428843459,0.061451047820267446,-0.048715486468167146,0.1685889065081532,0.3650491969879863,0.5116040585669636,0.2125571351699256,0.8346540788674925,0.04680271215572193,-9.379481416681685e-05,-9.379481416681685e-05,0.7966256982861477,4532.4017720721495,0.2891036698021985,0.25440543627814094,1778,2516,0.7066772655007949,6.6923509561304835,4.821312803889789,715,1063,0.40213723284589425,0.03487361201798015,-0.019106129613279045,0.0026011343160518437,0.00023683264593639432,18141.80960671997,4.906205185833183,1.9801514923284937,3.800106101989532,6.833521747293393,23.478833178709714
40,MASIGNA_ROLLISHARPRATIO_MAXPOS5_210519_0,MASIGNA,ROLLISHARPRATIO,5,210519,20,25,1.2162863880520232,1.840024706609018,0.11016653428843459,0.08294206307709717,-0.02722447121133742,0.16027095808089808,0.5180782599870076,0.7352658204195864,0.30091365591196295,0.8190509923866829,0.052051423137563814,-1.0300005917073885e-05,-1.0300005917073885e-05,0.7872460942887752,6601.11732404173,0.27563409452365695,0.4733743770595247,1941,2516,0.7714626391096979,6.098918083462133,4.792712550607288,784,1157,0.4039155074703761,0.0322336029017385,-0.01682483442223753,0.002990629185179888,0.00031643459126055374,22162.86388052023,4.989699994082926,2.056407253552568,5.071768228616047,6.639325533819985,30.260647693957523
41,MASIGNA_ROLLISHARPRATIO_MAXPOS5_210519_0,MASIGNA,ROLLISHARPRATIO,5,210519,20,30,1.136559477421097,1.840024706609018,0.11016653428843459,0.07897695937720606,-0.031189574911228535,0.1618180747826878,0.48859915896588113,0.6923922402066268,0.20421477681171119,0.8304572071816874,0.034345701109244356,-2.769540505905547e-05,-2.769540505905547e-05,0.7940607708129607,10390.1267786204,0.38673479270319355,0.27023901615643275,2059,2516,0.818362480127186,5.715881495871782,4.7744421906693715,819,1240,0.3977659057795046,0.032077806887800334,-0.0166538491620895,0.002729942146730206,0.0003018675206491026,21365.59477421097,4.972304594940945,2.0631754148944785,4.850066344924081,6.931131873507859,28.07143805052843
42,MASIGNA_ROLLISHARPRATIO_MAXPOS5_210519_0,MASIGNA,ROLLISHARPRATIO,5,210519,20,35,0.819804763087731,1.840024706609018,0.11016653428843459,0.06178003565488743,-0.04838649863354716,0.15929603198702222,0.3880340847047919,0.550398517783059,0.19306401880604895,0.782412847669823,0.029734692990493295,-8.014366391520544e-05,-8.014366391520544e-05,0.7666993297322442,6949.43899087799,0.31999766728647305,0.21307017194902222,2259,2516,0.8978537360890302,5.15626383355467,4.7272727272727275,871,1388,0.38556883576803896,0.030431279353094122,-0.015611531466150852,0.002141141496913502,0.0002380633090679234,18198.04763087731,4.919856336084795,2.096429193311452,3.607897502352328,6.388022208557111,25.33084107998056
43,MASIGNA_ROLLISHARPRATIO_MAXPOS5_210519_0,MASIGNA,ROLLISHARPRATIO,5,210519,20,40,1.9354750696725294,1.840024706609018,0.11016653428843459,0.11384697628673246,0.0036804419982978676,0.16047496017651594,0.7096994206902051,1.0202659634271976,0.3918294083724476,0.7490743247884741,0.1003377209828143,0.00011712541480342315,0.00011712541480342315,0.7494628555935361,6838.705178222463,0.29055240330127774,0.7336006591936908,2286,2516,0.9085850556438791,5.085301837270341,4.729454841334419,875,1411,0.38276465441819774,0.033649416208140624,-0.015412577845892336,0.003366619353267262,0.00042817864961581983,29354.750696725292,5.117125414803423,2.1512269676550795,6.442822271307072,6.083209572633811,41.362340421605445
44,MASIGNA_ROLLISHARPRATIO_MAXPOS5_210519_0,MASIGNA,ROLLISHARPRATIO,5,210519,20,45,0.6486737782124918,1.840024706609018,0.11016653428843459,0.051332906070489015,-0.05883362821794558,0.15666290837426097,0.3280194400516813,0.46089441446004614,0.12607559170639202,0.7503348109017499,0.014498511632617981,-0.00011251908487154867,-0.00011251908487154867,0.7500930517977707,9720.35152228748,0.4071597473842071,-0.02285911084701553,2316,2516,0.9205087440381559,5.007772020725389,4.724236252545825,878,1438,0.3791018998272884,0.03203333396794301,-0.01611567960300421,0.0021377029165517716,0.00019879570335397666,16486.737782124917,4.887480915128451,2.091104892428546,2.89886342922079,6.264264165534325,22.867216988050412
45,MASIGNA_ROLLISHARPRATIO_MAXPOS5_210519_0,MASIGNA,ROLLISHARPRATIO,5,210519,20,50,0.27660784202345234,1.840024706609018,0.11016653428843459,0.024752139084690095,-0.0854143952037445,0.15299071224170482,0.16201751804985418,0.22434106930528613,0.0778800649763784,0.6704103735669928,0.007086817317424297,-0.000198763898877083,-0.000198763898877083,0.7128650624565562,5222.068184710071,0.3178238114233418,-0.1382608767626312,2257,2516,0.8970588235294118,5.118298626495347,4.724744376278118,843,1414,0.3735046521931768,0.030656371789065582,-0.016092458945127685,0.0013684468186848664,9.709997483850908e-05,12766.078420234524,4.8012361011229165,2.0732759347202503,1.2919564955106781,5.568006885482202,18.83122073786995
46,MASIGNA_ROLLISHARPRATIO_MAXPOS5_210519_0,MASIGNA,ROLLISHARPRATIO,5,210519,20,55,0.22084178387953446,1.840024706609018,0.11016653428843459,0.020179584612242563,-0.08998694967619203,0.15667370262066802,0.1290554170328578,0.17792314857528746,0.05589154352907978,0.7059823841597527,0.0012592627097240483,-0.00022313820434410748,-0.00022313820434410748,0.728802354949608,5525.701208946668,0.36104897696631577,-0.24838686621151673,2260,2516,0.8982511923688394,5.099115044247788,4.732648870636551,853,1407,0.37743362831858407,0.029907958501241328,-0.016007388913773003,0.001322607256584177,7.93402018291194e-05,12208.417838795345,4.7768617956558925,2.067145776090124,1.093144254703252,5.877197526288114,17.029540026943273
47,MASIGNA_ROLLISHARPRATIO_MAXPOS5_210519_0,MASIGNA,ROLLISHARPRATIO,5,210519,20,60,0.3886309083762909,1.840024706609018,0.11016653428843459,0.033418594438149984,-0.07674793985028461,0.15543385476703983,0.2153232514160396,0.298631423543127,0.08883437739975977,0.6779347739201678,0.0015840728257434879,-0.0001666879764628523,-0.0001666879764628523,0.7161615561561987,6439.38702013185,0.3761898874775066,-0.14359096002836935,2164,2516,0.8600953895071543,5.335951940850277,4.734317343173432,834,1330,0.3853974121996303,0.03027068490490256,-0.016280231025380863,0.001660371509672918,0.00013054405715707604,13886.309083762908,4.833312023537148,2.0577011204740323,1.7767533540484475,5.713600188510759,20.133655110753896
48,MASIGNA_ROLLISHARPRATIO_MAXPOS5_210519_0,MASIGNA,ROLLISHARPRATIO,5,210519,25,5,1.0114166279803527,1.840024706609018,0.11016653428843459,0.07247614793770762,-0.03769038635072697,0.15694964637152808,0.46272214782085247,0.645853098204104,0.24682759080292546,0.669413825896326,0.048434136542905584,-1.7815307430334246e-05,-1.7815307430334246e-05,0.7124311912055906,6164.43157752353,0.2936306581526972,0.3512222326729617,3239,2516,1.2873608903020668,3.5473911701142327,4.685970636215335,1351,1888,0.4171040444581661,0.027164364762230955,-0.016344606957890508,0.0018031611167881258,0.0002778684945777707,20114.16627980353,4.982184692569665,2.0072505905791456,3.9373314954387606,5.536434301635217,30.215983102426883
49,MASIGNA_ROLLISHARPRATIO_MAXPOS5_210519_0,MASIGNA,ROLLISHARPRATIO,5,210519,25,10,1.542100597443378,1.840024706609018,0.11016653428843459,0.09791635847184166,-0.012250175816592934,0.1601705486720542,0.61165931214413,0.8809481147482667,0.38908072134677046,0.7282884238669456,0.08889709817763164,6.413830834889518e-05,6.413830834889518e-05,0.739292463521057,7628.867167872922,0.2516607816828147,0.6430918427323071,2423,2516,0.9630365659777425,4.817994222038795,4.751322751322752,1023,1400,0.42220387948823773,0.030478728228100337,-0.017662832708387848,0.00266272108361686,0.000370970475592907,25421.005974433778,5.064138308348895,1.9898761302758596,5.6326008397210465,5.868619921004079,36.703586697857254
50,MASIGNA_ROLLISHARPRATIO_MAXPOS5_210519_0,MASIGNA,ROLLISHARPRATIO,5,210519,25,15,1.8659754216127977,1.840024706609018,0.11016653428843459,0.11117804816109444,0.0010115138726598527,0.16484551125530175,0.6753135957930317,0.9638113679319142,0.41021490873295813,0.79777299477078,0.1064090192858881,9.696442741957754e-05,9.696442741957754e-05,0.7750846282373818,4576.366592589937,0.27102390916140295,0.7367944088039327,1910,2516,0.7591414944356121,6.20261780104712,4.815853658536585,816,1094,0.4272251308900524,0.034317541584232544,-0.01925359785608161,0.003633339203235852,0.0004186515918563908,28659.754216127978,5.096964427419578,1.9664923754102765,6.8096450305985226,6.454332557980022,38.871989078169776
51,MASIGNA_ROLLISHARPRATIO_MAXPOS5_210519_0,MASIGNA,ROLLISHARPRATIO,5,210519,25,20,0.5155461193116979,1.840024706609018,0.11016653428843459,0.042507504284297504,-0.06765903000413709,0.170022497295871,0.2506783323794175,0.3437745039488991,0.13882888033364943,0.8457582012436557,0.03380105839510805,-0.00016819257526635124,-0.00016819257526635124,0.8035734132120002,3517.498447123886,0.3061863221985124,0.05022401848732905,1736,2516,0.6899841017488076,6.832949308755761,4.825874694873881,720,1016,0.4147465437788018,0.03307164042342192,-0.019875117743302913,0.002084367210638262,0.0001653184289459663,15155.46119311698,4.831807424733649,1.9228363170452756,2.6790455424709725,6.977887935592132,18.482766551040694
52,MASIGNA_ROLLISHARPRATIO_MAXPOS5_210519_0,MASIGNA,ROLLISHARPRATIO,5,210519,25,25,0.2368208700532235,1.840024706609018,0.11016653428843459,0.02150869348566964,-0.08865784080276495,0.1595358152118599,0.1351408210606051,0.18527542661077898,0.07552689124429726,0.7970497746678071,0.007316328185220439,-0.0002370098320620015,-0.0002370098320620015,0.7746830064150373,3848.398115568285,0.2847819251039765,-0.12262350999340477,1624,2516,0.6454689984101749,7.306650246305419,4.827502034174126,671,953,0.4131773399014778,0.030290743247654493,-0.018860018385686933,0.0014479625601086957,8.451064530542718e-05,12368.208700532236,4.762990167937998,1.9302257062532753,1.301520202765857,6.455666770073064,15.258666518357519
53,MASIGNA_ROLLISHARPRATIO_MAXPOS5_210519_0,MASIGNA,ROLLISHARPRATIO,5,210519,25,30,0.9974554483853368,1.840024706609018,0.11016653428843459,0.07172848942957288,-0.03843804485886171,0.15956050461621996,0.4501139233191118,0.6310059718014104,0.26287549377283975,0.7813047445483041,0.05495527242916256,-4.286167608214664e-05,-4.286167608214664e-05,0.7661059982344557,5653.183468767524,0.2728610735071261,0.37323637060611503,1697,2516,0.674483306836248,6.962286387743076,4.800893945550589,709,988,0.417796110783736,0.032354614959992097,-0.018129386191649034,0.00296263314630828,0.0002750990436272865,19974.554483853368,4.957138323917853,1.9931700350252222,4.300484651333802,6.304562511097323,27.821527161731392
54,MASIGNA_ROLLISHARPRATIO_MAXPOS5_210519_0,MASIGNA,ROLLISHARPRATIO,5,210519,25,35,0.7304779514817208,1.840024706609018,0.11016653428843459,0.056442796247082816,-0.053723738041351776,0.16241400313854992,0.34767393629011273,0.49374080972993883,0.15103346323132594,0.834347035708426,0.018441031084603963,-0.00011249837719784072,-0.00011249837719784072,0.7964369665232393,7903.321920681359,0.3737105343379028,0.08045503333888071,2008,2516,0.7980922098569158,5.8142430278884465,4.747864985766571,788,1220,0.39243027888446214,0.031872801196536925,-0.016294248112280047,0.0026079604810206355,0.000218050752638665,17304.779514817208,4.8875016228021595,2.0793515838350407,3.4621371004054904,6.950076655416046,22.511782907770073
55,MASIGNA_ROLLISHARPRATIO_MAXPOS5_210519_0,MASIGNA,ROLLISHARPRATIO,5,210519,25,40,0.5822173084643585,1.840024706609018,0.11016653428843459,0.04701087751559019,-0.0631556567728444,0.15596856644954016,0.3016784753810355,0.42369942401751526,0.15269392864606315,0.7432360484158756,0.006387251674511124,-0.0001274143114641389,-0.0001274143114641389,0.7465651431650384,5352.445944851244,0.3078765340078389,0.0908363028219572,2052,2516,0.8155802861685215,5.675925925925926,4.75,795,1257,0.38742690058479534,0.030022431796889865,-0.015514418944995513,0.0021277820003255767,0.00018243627158544767,15822.173084643586,4.872585688535862,2.0959748373419234,2.657672870344327,6.053785746416899,22.698220853350563
56,MASIGNA_ROLLISHARPRATIO_MAXPOS5_210519_0,MASIGNA,ROLLISHARPRATIO,5,210519,25,45,0.744804283770176,1.840024706609018,0.11016653428843459,0.057315241215085244,-0.05285129307334935,0.15845086703242942,0.3622039433457287,0.5056245006585268,0.1935751842065358,0.777532447083046,0.017740541109151867,-9.57981084133736e-05,-9.57981084133736e-05,0.7640974230948986,5917.7663616217,0.29608775241527097,0.205540812155796,2080,2516,0.8267090620031796,5.587980769230769,4.732491856677524,802,1278,0.3855769230769231,0.03164343101278825,-0.015969372526758716,0.002389025761085836,0.0002213289825313247,17448.04283770176,4.904201891586626,2.0937078626738845,3.333194705512225,6.307602330681474,24.474586880200896
57,MASIGNA_ROLLISHARPRATIO_MAXPOS5_210519_0,MASIGNA,ROLLISHARPRATIO,5,210519,25,50,0.1755464401464233,1.840024706609018,0.11016653428843459,0.016325081536961994,-0.0938414527514726,0.15388487298758324,0.10630612313725253,0.14519941539950074,0.04765939922199414,0.7348567278708079,0.004365572687092377,-0.0002438406865495938,-0.0002438406865495938,0.7424630714518745,3683.7738873217822,0.34253645248277065,-0.2576328625704445,2129,2516,0.8461844197138315,5.43823391263504,4.7199347737464326,838,1291,0.3936120244246125,0.027179536658791487,-0.015848950149078576,0.0010875796512948921,6.430739361237256e-05,11755.464401464233,4.756159313450406,2.03424105007759,0.9211172196568252,6.039625909536798,15.72610833194687
58,MASIGNA_ROLLISHARPRATIO_MAXPOS5_210519_0,MASIGNA,ROLLISHARPRATIO,5,210519,25,55,0.10469883961048865,1.840024706609018,0.11016653428843459,0.010019419879457647,-0.10014711440897694,0.1542930314603666,0.06511972834022664,0.0879713826773491,0.031012092631559504,0.7282039843697472,0.0018160177472921664,-0.0002672238850627387,-0.0002672238850627387,0.7392521543739121,4439.239617015966,0.3230810638447974,-0.2906309985554305,2135,2516,0.8485691573926868,5.404683840749414,4.732977850697293,821,1314,0.3845433255269321,0.028296470356958554,-0.016151349886239813,0.0009407627225029791,3.959155247876905e-05,11046.988396104885,4.732776114937261,2.0353146152197525,0.5574541258795904,5.9634290449452445,14.693842985334696
59,MASIGNA_ROLLISHARPRATIO_MAXPOS5_210519_0,MASIGNA,ROLLISHARPRATIO,5,210519,25,60,0.5870880069206921,1.840024706609018,0.11016653428843459,0.047333140866413714,-0.06283339342202088,0.15605027988137676,0.30383507863507314,0.4179669178797921,0.17612596311450926,0.7137141070214648,0.03269076347454209,-0.00012030977118477254,-0.00012030977118477254,0.7323918664796235,4607.121119573414,0.26874595902501786,0.14890654057146513,2047,2516,0.8135930047694754,5.658524670249145,4.745186399016796,807,1240,0.39423546653639474,0.030321038835418205,-0.01647522983101569,0.001973518978858347,0.00018365840751617153,15870.880069206922,4.879690228815228,2.0480811131536143,2.6221366619048583,5.783357282083497,23.258696462589043
60,MASIGNA_ROLLISHARPRATIO_MAXPOS5_210519_0,MASIGNA,ROLLISHARPRATIO,5,210519,30,5,1.1129990768469749,1.840024706609018,0.11016653428843459,0.07777972327349048,-0.03238681101494412,0.15488453514487388,0.5027742186786158,0.7124338018028439,0.2217749141796879,0.683258576678177,0.06976785422276856,-7.511333132260794e-07,-7.511333132260794e-07,0.7185171869592143,4240.280056265095,0.35071470351453404,0.3162252368389069,3169,2516,1.2595389507154213,3.5803092458188703,4.657635467980295,1315,1854,0.4149573998106658,0.0270380414109487,-0.01593722006699638,0.0018956826920751841,0.0002974585692809991,21129.99076846975,4.9992488666867745,2.0271500897088726,4.270946737291416,5.705872317781035,31.11569589955015
61,MASIGNA_ROLLISHARPRATIO_MAXPOS5_210519_0,MASIGNA,ROLLISHARPRATIO,5,210519,30,10,1.8636768164158863,1.840024706609018,0.11016653428843459,0.1110887859287546,0.0009222516403200043,0.16011760701109568,0.694483919178333,0.9996847075493461,0.3509624858477587,0.7396427269786648,0.10523742852734015,0.0001092154916329065,0.0001092154916329065,0.7447977969406652,5729.649018771539,0.3165260972562832,0.6715395939596931,2341,2516,0.9304451510333863,4.96369073045707,4.750613246116108,965,1376,0.4122170012815036,0.032291990716942436,-0.017433651637899478,0.0030641035404099805,0.00041833256433435235,28636.768164158864,5.109215491632907,2.0263180917788413,6.397934938632366,6.054051595769057,39.99089793633462
62,MASIGNA_ROLLISHARPRATIO_MAXPOS5_210519_0,MASIGNA,ROLLISHARPRATIO,5,210519,30,15,1.41424253625881,1.840024706609018,0.11016653428843459,0.09225818484337212,-0.017908349445062477,0.1609834572301668,0.573902092220206,0.8132622295704134,0.29960581188873703,0.7784139968666632,0.08539922027816443,3.313028984255607e-05,3.313028984255607e-05,0.7645652039715327,3319.064145784967,0.30793189311572344,0.513314680469513,1903,2516,0.7563593004769475,6.182869153967419,4.806372549019608,797,1106,0.418812401471361,0.0340178595116553,-0.01916303061386274,0.003109785691990061,0.0003504515261725454,24142.4253625881,5.033130289842556,1.966778596434713,5.522696717861704,6.341318918692308,33.10703296959052
63,MASIGNA_ROLLISHARPRATIO_MAXPOS5_210519_0,MASIGNA,ROLLISHARPRATIO,5,210519,30,20,0.486668487625493,1.840024706609018,0.11016653428843459,0.040501371778820294,-0.0696651625096143,0.16463950478440617,0.2466199467960278,0.3393907355246515,0.12405518049849422,0.8328265885077483,0.03437230088679698,-0.0001724932370397886,-0.0001724932370397886,0.7955049333028184,3648.282999666817,0.32647868163242,0.0013020716976654967,1746,2516,0.6939586645468998,6.783505154639175,4.836259697835851,707,1039,0.40492554410080184,0.03349559087655483,-0.019389045502333297,0.002025294657961035,0.00015766906649038195,14866.684876254929,4.827506762960211,1.9498747836380983,2.5065329646403285,6.8657938737574895,18.380688998550127
64,MASIGNA_ROLLISHARPRATIO_MAXPOS5_210519_0,MASIGNA,ROLLISHARPRATIO,5,210519,30,25,0.3941278560946935,1.840024706609018,0.11016653428843459,0.03382745401210441,-0.07633908027633018,0.16404267419109,0.20644253043070226,0.2875603026551275,0.1117540038399815,0.8522765161652246,0.015613999354473971,-0.00020313730175653644,-0.00020313730175653644,0.8077687684727813,4090.0183301457037,0.3026956784523024,-0.02826432023481651,1592,2516,0.6327503974562798,7.436557788944723,4.830273357813137,647,945,0.4064070351758794,0.035737537275387775,-0.020744731423363635,0.002210059938503299,0.0001321149212704477,13941.278560946934,4.796862698243463,1.9193089883416143,2.128902997439172,7.021453918794358,16.50255875577874
65,MASIGNA_ROLLISHARPRATIO_MAXPOS5_210519_0,MASIGNA,ROLLISHARPRATIO,5,210519,30,30,0.7468854713615765,1.840024706609018,0.11016653428843459,0.057441444724495305,-0.05272508956393929,0.16354401296810345,0.35156227692082004,0.49260706268117116,0.1913458234663552,0.8596462315559813,0.04529710634521192,-0.00011546481415858605,-0.00011546481415858605,0.8126251360259787,6696.712412044419,0.30019701336515126,0.20087804046566404,1470,2516,0.5842607313195548,8.055102040816326,4.83108935128519,604,866,0.4108843537414966,0.037019631001876226,-0.020518760714617057,0.003122864181139364,0.00022180297084800244,17468.854713615765,4.884535185841414,1.9441298318378577,3.6490556193072874,7.094550359480167,21.749421915603886
66,MASIGNA_ROLLISHARPRATIO_MAXPOS5_210519_0,MASIGNA,ROLLISHARPRATIO,5,210519,30,35,1.14144073068735,1.840024706609018,0.11016653428843459,0.07922351670018224,-0.030943017588252353,0.16800376464170014,0.4717903241047699,0.6752114020510281,0.21675312045445852,0.9026803015252238,0.040378153862080754,-4.750335644321713e-05,-4.750335644321713e-05,0.8439730030268188,9133.855989188305,0.36550115880259126,0.3065590229958559,1561,2516,0.620429252782194,7.552850736707239,4.8181446669391095,613,948,0.39269698910954515,0.038794802565532076,-0.018670493594782876,0.003895955185661113,0.0003027748871368757,21414.407306873498,4.952496643556784,2.046461946773629,5.1312172208820215,7.736960004978458,25.976230714884732
67,MASIGNA_ROLLISHARPRATIO_MAXPOS5_210519_0,MASIGNA,ROLLISHARPRATIO,5,210519,30,40,1.0231172139801261,1.840024706609018,0.11016653428843459,0.07309915735671746,-0.03706737693171713,0.16243105920079792,0.4506324717299051,0.6310815854305127,0.22416822690819072,0.8607508663094054,0.04650661294901315,-5.739965247777599e-05,-5.739965247777599e-05,0.8133639120835254,4973.560534739589,0.32609062562044355,0.30997986069162664,1638,2516,0.651033386327504,7.142857142857143,4.781364936657131,642,996,0.39194139194139194,0.03632551017983657,-0.017814921919381013,0.0034049543978947414,0.00028017475036955887,20231.17213980126,4.942600347522224,2.058643876072518,4.578537425270839,7.145280991947963,26.032097409310353
68,MASIGNA_ROLLISHARPRATIO_MAXPOS5_210519_0,MASIGNA,ROLLISHARPRATIO,5,210519,30,45,0.8594014696722265,1.840024706609018,0.11016653428843459,0.06407084911752858,-0.04609568517090601,0.15527873616126184,0.4135378646231622,0.5696966211431759,0.21762289137512503,0.8104578475247745,0.04864123748713914,-7.804014627442289e-05,-7.804014627442289e-05,0.7822529587166002,3534.049066590591,0.29441226845519286,0.2715304837334873,1804,2516,0.7170111287758346,6.463968957871397,4.765427053534941,752,1052,0.41685144124168516,0.029567683185235238,-0.01663785820987186,0.0026229883140308757,0.0002466221254237093,18594.014696722264,4.921959853725577,2.02862245842375,3.9317374130548575,6.576356563769674,25.347230864476188
69,MASIGNA_ROLLISHARPRATIO_MAXPOS5_210519_0,MASIGNA,ROLLISHARPRATIO,5,210519,30,50,0.6959040068005284,1.840024706609018,0.11016653428843459,0.05431023963845005,-0.05585629464998454,0.15262273440245833,0.3565535080066794,0.4928348383396806,0.16604357906729333,0.772489029907631,0.039979250983880596,-0.00010599729367370293,-0.00010599729367370293,0.7614384173219414,3762.061876785727,0.32708425067397195,0.1320807920931628,1735,2516,0.6895866454689984,6.726224783861672,4.773006134969325,721,1014,0.4155619596541787,0.02961884133460224,-0.016807628657031472,0.002485446192517754,0.00021002621709902258,16959.040068005284,4.894002706326297,2.0205551766143093,3.22616669728998,6.297089560915837,23.48652085912775
70,MASIGNA_ROLLISHARPRATIO_MAXPOS5_210519_0,MASIGNA,ROLLISHARPRATIO,5,210519,30,55,0.6840557784432639,1.840024706609018,0.11016653428843459,0.05357042135793533,-0.056596112930499265,0.15641665329840823,0.343028281505589,0.47546399362780256,0.18602701389691553,0.7633677095380635,0.03617192029424112,-0.00010681965963453856,-0.00010681965963453856,0.7567032311095263,3813.402264966413,0.28797119426762763,0.18156812696334867,1878,2516,0.746422893481717,6.187433439829606,4.754500818330605,770,1108,0.410010649627263,0.029618611184584483,-0.016762502183411524,0.0022542482390362517,0.0002072385836431832,16840.55778443264,4.893180340365462,2.0228869957548863,3.142918655638466,6.176432704252852,23.633650988523325
71,MASIGNA_ROLLISHARPRATIO_MAXPOS5_210519_0,MASIGNA,ROLLISHARPRATIO,5,210519,30,60,0.35908154189752195,1.840024706609018,0.11016653428843459,0.031195449690766486,-0.0789710845976681,0.1558054682767363,0.20058430942484862,0.275962106084556,0.10782632445249508,0.7397832188905318,0.0203020482340246,-0.00018715402347740218,-0.00018715402347740218,0.7448668380274668,3069.4808043050325,0.2893120010272652,-0.0347126307335337,1898,2516,0.7543720190779014,6.076923076923077,4.7328682806729585,776,1122,0.4088514225500527,0.02856601451135546,-0.01686462832235837,0.0017097546275688877,0.00012199170368400053,13590.81541897522,4.812845976522598,2.0018961039499072,1.791608708506568,5.99902998191169,18.75884976082021
72,MASIGNA_ROLLISHARPRATIO_MAXPOS5_210519_0,MASIGNA,ROLLISHARPRATIO,5,210519,35,5,0.7788241470629296,1.840024706609018,0.11016653428843459,0.05936143017137763,-0.050805104117056965,0.15603262913505117,0.3811212273300613,0.5345028212615067,0.17506105345356016,0.7163105365232456,0.04845713238935409,-7.546598692101454e-05,-7.546598692101454e-05,0.7336081211680844,5529.634435499123,0.33908987179221395,0.16181514272825126,3059,2516,1.215818759936407,3.6884602811376266,4.639391447368421,1270,1789,0.41516835567178817,0.02735606030350366,-0.016588637877923758,0.0016558102065524808,0.00022900697991236056,17788.241470629295,4.9245340130789845,1.9974320988002987,3.3583102624711607,5.910899596525734,25.50239991223665
73,MASIGNA_ROLLISHARPRATIO_MAXPOS5_210519_0,MASIGNA,ROLLISHARPRATIO,5,210519,35,10,1.888973410931332,1.840024706609018,0.11016653428843459,0.11206760465964605,0.0019010703712114552,0.15859251920234185,0.7073389712662637,1.0099924889171323,0.40226306771459364,0.7725555198274323,0.10112656672489305,0.00010579158267257983,0.00010579158267257983,0.7614731533149067,7744.8632644645,0.2785928255764166,0.7343496524646174,2348,2516,0.9332273449920508,4.910988074957411,4.721949221949222,997,1351,0.42461669505962524,0.030816932525232005,-0.017367250406731892,0.0030925581039870204,0.0004218295100943703,28889.734109313322,5.1057915826725795,2.0093272751979585,6.70821112437378,6.240241012592099,40.170409336083296
74,MASIGNA_ROLLISHARPRATIO_MAXPOS5_210519_0,MASIGNA,ROLLISHARPRATIO,5,210519,35,15,1.0688423043347943,1.840024706609018,0.11016653428843459,0.07550314688685122,-0.03466338740158337,0.16422142052259778,0.45982078546221494,0.6603359749848724,0.24215074726994174,0.8196190387721201,0.06507474386695646,-3.781200862157104e-05,-3.781200862157104e-05,0.7875803183518543,5164.149743644328,0.3118022460722898,0.35331012824213914,1963,2516,0.7802066772655007,5.940906775343861,4.769734151329243,816,1147,0.41569026999490577,0.03271187665346063,-0.018960824868617103,0.002519014378461566,0.00028906130320374994,20688.423043347942,4.962187991378429,1.9589910061789788,4.66348700952657,6.714873656273362,27.317065768100793
75,MASIGNA_ROLLISHARPRATIO_MAXPOS5_210519_0,MASIGNA,ROLLISHARPRATIO,5,210519,35,20,1.2130600082446534,1.840024706609018,0.11016653428843459,0.08278411481111458,-0.027382419477320008,0.16837376162615386,0.49180905174681677,0.7046918528418583,0.30841037358707224,0.8645873602248895,0.07179123069238748,-2.2793576910981725e-05,-2.2793576910981725e-05,0.8159528819055417,7353.311780882414,0.26842195302403626,0.4818248071609421,1661,2516,0.660174880763116,7.092113184828417,4.816026165167621,672,989,0.4045755568934377,0.03704723758866713,-0.01943750504093841,0.0034148411644167533,0.00031585533874503954,22130.600082446534,4.977206423089019,1.9914747925389664,5.253326432236635,7.109743194236547,28.414962054808026
76,MASIGNA_ROLLISHARPRATIO_MAXPOS5_210519_0,MASIGNA,ROLLISHARPRATIO,5,210519,35,25,0.5100669780719429,1.840024706609018,0.11016653428843459,0.0421295272462221,-0.0680370070422125,0.16329789116115906,0.258123036759373,0.365895724533967,0.11404204067930362,0.8434193427263612,0.024315517714690944,-0.00016901690000038688,-0.00016901690000038688,0.8020897506409016,8053.593391339389,0.3694210222412109,-0.04896286313213416,1628,2516,0.6470588235294118,7.21990171990172,4.807361963190184,636,992,0.3906633906633907,0.0370563671865892,-0.020171151339573982,0.0021855450871089356,0.00016387833247799366,15100.669780719429,4.830983099999613,1.9594014654808878,2.59956610702179,7.036736419657731,18.305047435357626
77,MASIGNA_ROLLISHARPRATIO_MAXPOS5_210519_0,MASIGNA,ROLLISHARPRATIO,5,210519,35,30,0.5309073983183763,1.840024706609018,0.11016653428843459,0.04356067884254067,-0.06660585544589392,0.1699420394970637,0.2564948781520454,0.36047682196134917,0.11333395655769353,0.8954773971506975,0.02650209402896521,-0.000178596354931414,-0.000178596354931414,0.8383021396095914,9266.850673061275,0.3843568173706683,-0.05922710185279101,1430,2516,0.568362480127186,8.27062937062937,4.835241210139002,563,867,0.39370629370629373,0.039425770433043614,-0.020921182876204276,0.0028377924476464668,0.00016932828246667416,15309.073983183764,4.821403645068586,1.9546077172987524,2.807885836323131,7.680688587125908,17.334005172331427
78,MASIGNA_ROLLISHARPRATIO_MAXPOS5_210519_0,MASIGNA,ROLLISHARPRATIO,5,210519,35,35,1.6731322666959727,1.840024706609018,0.11016653428843459,0.1034552366617385,-0.006711297626696089,0.1646743621590502,0.6283182087021738,0.9058183068784732,0.2594887921098273,0.8806331005692658,0.07067899849036849,4.763740441506768e-05,4.763740441506768e-05,0.8272008987795842,13730.581466490316,0.3986886517162237,0.47460849022291285,1354,2516,0.5381558028616852,8.783604135893649,4.864212678936605,555,799,0.4098966026587888,0.040869302315866086,-0.019691591139485296,0.005132113341844112,0.00039095463953186404,26731.322666959728,5.047637404415068,2.0228356041891344,6.675602793323078,7.499151263631729,33.15822793705413
79,MASIGNA_ROLLISHARPRATIO_MAXPOS5_210519_0,MASIGNA,ROLLISHARPRATIO,5,210519,35,40,2.2408083375966195,1.840024706609018,0.11016653428843459,0.12493732443281003,0.014770790144375434,0.16351123756174948,0.7641673985829,1.106720405097005,0.3655950996766743,0.8719379441273657,0.1106565145514359,0.00012677294173354438,0.00012677294173354438,0.8210177886687524,7498.45085144613,0.34173686830951056,0.757672254192256,1354,2516,0.5381558028616852,8.69202363367799,4.819410319410319,553,801,0.40841949778434267,0.04189673000988426,-0.018592979268502948,0.00611219741609685,0.0004675239704175318,32408.083375966195,5.126772941733544,2.08348215802138,7.998221655504291,7.299480275682929,40.963442843279566
80,MASIGNA_ROLLISHARPRATIO_MAXPOS5_210519_0,MASIGNA,ROLLISHARPRATIO,5,210519,35,45,1.7203905149029044,1.840024706609018,0.11016653428843459,0.10539307432230838,-0.0047734599661262145,0.16014781183891003,0.6588541463316532,0.9365785988041417,0.3747766810895178,0.8646044284237279,0.09419909468474587,5.926893125262749e-05,5.926893125262749e-05,0.8159644325238763,4477.047320939451,0.28121566692975375,0.6705815213964481,1410,2516,0.5604133545310016,8.314184397163121,4.798608268522309,560,850,0.3971631205673759,0.039730741840794004,-0.01795737039343601,0.004954220281151799,0.0003979226408182738,27203.905149029044,5.059268931252628,2.0906411929215856,6.649078053414814,7.108340288576313,35.51888503958515
81,MASIGNA_ROLLISHARPRATIO_MAXPOS5_210519_0,MASIGNA,ROLLISHARPRATIO,5,210519,35,50,1.4707272018180109,1.840024706609018,0.11016653428843459,0.09479028949078483,-0.015376244797649763,0.15929931855376217,0.5957579887935116,0.8404957648168988,0.3202087821550721,0.8439883054532918,0.08373192128322328,2.660257140784457e-05,2.660257140784457e-05,0.8024495318619445,5606.0277177268,0.29602651386644163,0.55349793572476,1502,2516,0.5969793322734499,7.7836218375499335,4.79532403609516,606,896,0.40346205059920104,0.03576491678175356,-0.017377179572436688,0.004063639595765236,0.000359647125646196,24707.27201818011,5.026602571407844,2.073498640748099,5.912309018779921,6.910820731182238,32.93163798300696
82,MASIGNA_ROLLISHARPRATIO_MAXPOS5_210519_0,MASIGNA,ROLLISHARPRATIO,5,210519,35,55,0.24137274736435876,1.840024706609018,0.11016653428843459,0.02188448167859125,-0.08828205260984334,0.15967787374490608,0.13733770412430119,0.1886403841371774,0.07286118947049233,0.8341690654877989,0.01453221200549528,-0.00024453248995887853,-0.00024453248995887853,0.7963277250124726,3392.208027609656,0.30035855628536134,-0.14096947682440408,1678,2516,0.6669316375198728,6.8915375446960665,4.7412874128741285,636,1042,0.37902264600715135,0.03319563380311431,-0.017825574340971696,0.0015126189722814046,8.597130083907953e-05,12413.727473643587,4.755467510041121,2.0189939015497886,1.3275035891415,6.820984612522764,15.017452013251173
83,MASIGNA_ROLLISHARPRATIO_MAXPOS5_210519_0,MASIGNA,ROLLISHARPRATIO,5,210519,35,60,1.203985427988708,1.840024706609018,0.11016653428843459,0.08233875274195945,-0.02782778154647514,0.1604179459132425,0.5137301460086142,0.7250786888738703,0.27202907557267836,0.8219254101981489,0.07329511855281638,-1.3217158654255795e-05,-1.3217158654255795e-05,0.7889426837962051,5959.748726460479,0.30268364721167795,0.42975118620056385,1632,2516,0.6486486486486487,7.084558823529412,4.740467404674047,641,991,0.39276960784313725,0.03539175019246873,-0.01702075018881066,0.0035652870320227285,0.00031422158236518635,22039.854279887077,4.986782841345744,2.0869446445339146,5.000823637369572,6.709864472627849,29.888526541639276
84,MASIGNA_ROLLISHARPRATIO_MAXPOS5_210519_0,MASIGNA,ROLLISHARPRATIO,5,210519,40,5,0.8095012502763057,1.840024706609018,0.11016653428843459,0.06117658828611505,-0.04898994600231954,0.15527591859029913,0.3945121560603236,0.5571525581812712,0.20664452579509204,0.7276896454426938,0.05228376398817988,-7.090737362517761e-05,-7.090737362517761e-05,0.7390054379235892,5490.73233506121,0.29604746629861145,0.24200690615588627,2985,2516,1.1864069952305247,3.7597989949748745,4.635687732342007,1220,1765,0.40871021775544386,0.02747237595961921,-0.016102075797426826,0.001707247868769546,0.00023580566798118595,18095.012502763057,4.929092626374822,2.025132487842113,3.4760533279634966,5.920980795564834,26.201277591025473
85,MASIGNA_ROLLISHARPRATIO_MAXPOS5_210519_0,MASIGNA,ROLLISHARPRATIO,5,210519,40,10,1.6587032246375246,1.840024706609018,0.11016653428843459,0.10285742516894691,-0.007309109119487678,0.15685295899443982,0.6556460101306908,0.9545730553217452,0.37849227133932817,0.7288027624077875,0.08899200848609609,8.186795931519592e-05,8.186795931519592e-05,0.7395393239762705,9550.51325656569,0.27175568157568153,0.660719809531356,2337,2516,0.9288553259141494,4.912708600770218,4.726636475916015,953,1384,0.4077877620881472,0.030724786393391924,-0.016318235127955383,0.0028653333400993817,0.000388802582261406,26587.032246375245,5.081867959315196,2.0621424991463404,5.8453387410537365,5.8954409448597564,38.427558595495135
86,MASIGNA_ROLLISHARPRATIO_MAXPOS5_210519_0,MASIGNA,ROLLISHARPRATIO,5,210519,40,15,1.1004693925119753,1.840024706609018,0.11016653428843459,0.07713811824259675,-0.03302841604583784,0.16169414622743186,0.477130890213864,0.6892470534454566,0.302818419401996,0.7852881427398902,0.06916022147523833,-2.375507737392425e-05,-2.375507737392425e-05,0.7682458930756733,3908.887843014556,0.25473390421536657,0.4481468911715112,1946,2516,0.7734499205087441,5.973792394655704,4.780016447368421,763,1183,0.3920863309352518,0.03438264519774787,-0.017893690484073344,0.0026031461681515224,0.00029509377335834916,21004.693925119755,4.976244922626076,2.0309394439541384,4.541022568308412,6.3139073338492295,29.204295633148696
87,MASIGNA_ROLLISHARPRATIO_MAXPOS5_210519_0,MASIGNA,ROLLISHARPRATIO,5,210519,40,20,1.1273376331541711,1.840024706609018,0.11016653428843459,0.07850976751945549,-0.031656766768979105,0.1660764339482063,0.4732181793447705,0.6702119647966959,0.31932380200734906,0.8345689252272794,0.07216384553048948,-3.045809372719053e-05,-3.045809372719053e-05,0.7965732980601595,4679.854338787514,0.2458625602786999,0.4726906136237883,1731,2516,0.6879968203497615,6.757943385326401,4.8100328947368425,693,1038,0.4003466204506066,0.03543774316744856,-0.01842961244677525,0.00313600132599026,0.000300147618453923,21273.37633154171,4.969541906272809,2.01843365107942,4.847646619866617,6.753609964349021,28.419595432189823
88,MASIGNA_ROLLISHARPRATIO_MAXPOS5_210519_0,MASIGNA,ROLLISHARPRATIO,5,210519,40,25,0.5705356627832563,1.840024706609018,0.11016653428843459,0.0462343237097711,-0.0639322105786635,0.16919378193036902,0.27328186317812025,0.38802020172025636,0.14008608585489557,0.8795537906749187,0.03044883214793341,-0.0001635040227190115,-0.0001635040227190115,0.8264215621374023,7166.597088096863,0.3300422267323657,0.05087615409853008,1594,2516,0.6335453100158982,7.371392722710163,4.825462012320329,633,961,0.3971141781681305,0.03549901032826113,-0.01927334192010125,0.002477535729342531,0.0001794897604992026,15705.356627832563,4.836495977280989,1.980302193382564,2.951294007069275,7.388136909031935,18.68194539417938
89,MASIGNA_ROLLISHARPRATIO_MAXPOS5_210519_0,MASIGNA,ROLLISHARPRATIO,5,210519,40,30,1.3032740814449641,1.840024706609018,0.11016653428843459,0.08712443981166329,-0.023042094476771302,0.17321300050104244,0.5028834162452132,0.7210421916070598,0.3140811693367155,0.9037530368917353,0.0734253861278575,-1.8893928681664417e-05,-1.8893928681664417e-05,0.8448352960010904,6978.899071105006,0.2773946620093617,0.5094395512757508,1365,2516,0.5425278219395866,8.656410256410256,4.852566735112936,543,822,0.3978021978021978,0.042183634006430853,-0.02050561738108713,0.004432304599442002,0.00033174219656928293,23032.74081444964,4.981106071318336,2.0013982912839885,5.669863535332342,7.61795039098864,28.187747688971267
90,MASIGNA_ROLLISHARPRATIO_MAXPOS5_210519_0,MASIGNA,ROLLISHARPRATIO,5,210519,40,35,1.106630698916546,1.840024706609018,0.11016653428843459,0.07745404815084589,-0.0327124861375887,0.17266859502487678,0.4490791809987255,0.6321745490141973,0.26189391659175415,0.9294463633902956,0.04794066953322653,-6.363943905995527e-05,-6.363943905995527e-05,0.8671507737903137,6725.394269326756,0.29574588504697086,0.39447381683186755,1294,2516,0.514308426073132,9.135239567233384,4.8566146261298275,513,781,0.3964451313755796,0.04302481158182335,-0.02110483526839043,0.004319051002212098,0.0002962583880897806,21066.30698916546,4.936360560940045,1.9849550437758179,5.134783183919657,8.03016490940589,24.551325526795353
91,MASIGNA_ROLLISHARPRATIO_MAXPOS5_210519_0,MASIGNA,ROLLISHARPRATIO,5,210519,40,40,1.7734724202816388,1.840024706609018,0.11016653428843459,0.10753391596392592,-0.002632618324508673,0.1739097201034077,0.6186514184305855,0.8809070721545038,0.34235329181063423,0.9294504302617398,0.0906808445476374,4.570701890778211e-05,4.570701890778211e-05,0.8671545375081474,7295.990297340919,0.3141021819746548,0.6430735007845989,1292,2516,0.5135135135135135,9.117647058823529,4.837782340862423,504,788,0.39009287925696595,0.04571247687973775,-0.019873026428073353,0.005711411394787943,0.00040560640813174,27734.72420281639,5.045707018907782,2.063506733519606,7.09478296782726,8.065824144720509,32.80900548665844
92,MASIGNA_ROLLISHARPRATIO_MAXPOS5_210519_0,MASIGNA,ROLLISHARPRATIO,5,210519,40,45,1.346131647399571,1.840024706609018,0.11016653428843459,0.08913301410453589,-0.021033520183898702,0.16461465809262557,0.5421358357112779,0.7640468175900295,0.2842702884665509,0.8807534086579051,0.07526121619317754,-4.280689160122042e-06,-4.280689160122042e-06,0.8272880324745577,4673.59192699925,0.3135502292038651,0.47654564080697526,1301,2516,0.5170906200317965,9.029208301306687,4.8321678321678325,525,776,0.4035357417371253,0.03975472896096348,-0.019058590746479167,0.004674685845686387,0.00033907270948029704,23461.31647399571,4.995719310839878,2.0392072281627978,5.723628147823133,7.360204524508836,29.751042510235127
93,MASIGNA_ROLLISHARPRATIO_MAXPOS5_210519_0,MASIGNA,ROLLISHARPRATIO,5,210519,40,50,0.8663741490997419,1.840024706609018,0.11016653428843459,0.06446969106248268,-0.04569684322595191,0.1631329600808841,0.3959677737310539,0.5471921273610881,0.18575193378213348,0.8814319645326933,0.05060503431109433,-9.544728473169793e-05,-9.544728473169793e-05,0.827780184417216,4763.161500809811,0.3470741313417416,0.19770591054391318,1427,2516,0.5671701112877583,8.17238962859145,4.795230263157895,561,866,0.3931324456902593,0.03661071114252534,-0.018201668661989894,0.003346856264662558,0.0002481103741367505,18663.741490997418,4.904552715268302,2.04338575623044,4.10853868831546,7.4183926412708,23.13255939898118
94,MASIGNA_ROLLISHARPRATIO_MAXPOS5_210519_0,MASIGNA,ROLLISHARPRATIO,5,210519,40,55,0.7063238702045902,1.840024706609018,0.11016653428843459,0.054957035125283715,-0.05520949916315088,0.16335545006897312,0.3370098775180632,0.46844531370686615,0.15474245397610542,0.8611894854186375,0.03730359073173388,-0.0001252347730608153,-0.0001252347730608153,0.8136581257661976,4621.732410602506,0.3551516323617946,0.0956011941496655,1547,2516,0.6148648648648649,7.479638009049774,4.76761433868974,583,964,0.3768584356819651,0.035127458235336494,-0.016771340308737566,0.0027871597243556354,0.00021246173873032946,17063.238702045903,4.874765226939185,2.0965111834245476,3.401972154335515,7.200555003725528,21.59485041020813
95,MASIGNA_ROLLISHARPRATIO_MAXPOS5_210519_0,MASIGNA,ROLLISHARPRATIO,5,210519,40,60,1.7718538928403618,1.840024706609018,0.11016653428843459,0.1074691863963313,-0.0026973478921032967,0.15952223753199385,0.6752555564658081,0.9413653981029753,0.3609827242834084,0.821654990774465,0.08972653407847322,7.800206981498087e-05,7.800206981498087e-05,0.7887824371232974,4916.290272344317,0.29771282437316027,0.6661034952099048,1487,2516,0.5910174880763116,7.82649630127774,4.789300411522634,605,882,0.40685944855413586,0.036173819473851676,-0.016802495790770318,0.004751418624223833,0.0004053743028739499,27718.538928403617,5.078002069814981,2.1076467763458067,6.601372363539492,6.6966954900014475,37.72613981983281
96,MASIGNA_ROLLISHARPRATIO_MAXPOS5_210519_0,MASIGNA,ROLLISHARPRATIO,5,210519,45,5,0.7327999527403419,1.840024706609018,0.11016653428843459,0.056584641793482326,-0.053581892494952266,0.15647949211548554,0.3624687784555263,0.5003715044411459,0.14988583061283978,0.6987602505314612,0.04786259801528127,-8.252043600128633e-05,-8.252043600128633e-05,0.7254916797485523,4698.26840163512,0.37751828549852984,0.07569754462147316,2867,2516,1.1395071542130366,3.893617021276596,4.63195020746888,1196,1671,0.4171607952563655,0.02759793857533458,-0.016928875074440013,0.001645965917931948,0.00021858392444970657,17327.99952740342,4.917479563998714,1.983620443397301,3.157199632285618,5.85412046963495,24.770217838769916
97,MASIGNA_ROLLISHARPRATIO_MAXPOS5_210519_0,MASIGNA,ROLLISHARPRATIO,5,210519,45,10,1.2756837451519045,1.840024706609018,0.11016653428843459,0.08581351351841549,-0.024353020770019107,0.1548183626213694,0.5550418586349136,0.7849118799062376,0.3200638278327107,0.6708065679318336,0.07769813747648419,3.1015053520883e-05,3.1015053520883e-05,0.7130375575397183,5501.40896864748,0.2681137512461047,0.5101503795936146,2252,2516,0.8950715421303657,5.059058614564831,4.7097974369574205,916,1336,0.4067495559502664,0.032239665845314534,-0.017573956913002363,0.002687712024217118,0.0003269505187145668,22756.837451519044,5.031015053520883,2.018651417253696,4.623443850180399,5.499314904264021,34.08867154534471
98,MASIGNA_ROLLISHARPRATIO_MAXPOS5_210519_0,MASIGNA,ROLLISHARPRATIO,5,210519,45,15,0.9310129073763609,1.840024706609018,0.11016653428843459,0.06810456393072184,-0.04206197035771275,0.15792751729556906,0.4315290504880241,0.6157558011780009,0.26071998650768585,0.7242863943837854,0.06219362322765599,-4.439026295512794e-05,-4.439026295512794e-05,0.7373795710382332,3390.468420190806,0.261217273148003,0.35529327678465705,1934,2516,0.7686804451510334,5.946225439503619,4.750103263114416,764,1170,0.39503619441571874,0.033938238128641204,-0.01808072121371552,0.0024686505223550786,0.0002616479871651867,19310.129073763608,4.955609737044872,2.0162577928595655,3.8115488403998454,5.849820272075114,28.006272169631625
99,MASIGNA_ROLLISHARPRATIO_MAXPOS5_210519_0,MASIGNA,ROLLISHARPRATIO,5,210519,45,20,0.4894242077530597,1.840024706609018,0.11016653428843459,0.040694318361046644,-0.06947221592738795,0.16150851750175677,0.25234576752234317,0.35265724493633127,0.1568627481422178,0.7940508275301565,0.03203279303434398,-0.00016242666152682314,-0.00016242666152682314,0.7730243379278409,4866.826560085035,0.25942627451708045,0.09805951905071986,1724,2516,0.685214626391097,6.707656612529003,4.770627062706271,665,1059,0.3857308584686775,0.035655070441537706,-0.019021164994831075,0.0020691462378749806,0.0001584054105453021,14894.242077530598,4.837573338473177,1.9936470732405231,2.4005205763284456,6.394661800270342,19.705395072036534
100,MASIGNA_ROLLISHARPRATIO_MAXPOS5_210519_0,MASIGNA,ROLLISHARPRATIO,5,210519,45,25,0.732192119161992,1.840024706609018,0.11016653428843459,0.05654752721747425,-0.053619007070960345,0.1656903535552253,0.3416679383340376,0.4808185489398702,0.19730931637670768,0.8263912632613919,0.040842677000726996,-0.00011009970727455723,-0.00011009970727455723,0.7916060517418779,5821.336436684995,0.28659329552139523,0.21168411911436458,1540,2516,0.6120826709062003,7.5636363636363635,4.805280528052806,614,926,0.3987012987012987,0.03685627150106017,-0.019851574548588418,0.002757917317959783,0.00021844442437073656,17321.92119161992,4.889900292725443,1.9709214804978612,3.463797749575525,6.741258856158618,22.426127195165662
101,MASIGNA_ROLLISHARPRATIO_MAXPOS5_210519_0,MASIGNA,ROLLISHARPRATIO,5,210519,45,30,0.9470365919605388,1.840024706609018,0.11016653428843459,0.06898868217579346,-0.04117785211264113,0.16866254378426268,0.4095868442435248,0.5737592346674569,0.25284720016764195,0.8577293332258418,0.060310662362953286,-7.180471294529885e-05,-7.180471294529885e-05,0.8113499015581686,4517.544145738793,0.27284732490631813,0.3476897037447433,1396,2516,0.5548489666136724,8.393982808022923,4.834158415841584,546,850,0.39111747851002865,0.041165180620194884,-0.020393145764371703,0.003683391632457348,0.0002649338052625469,19470.36591960539,4.9281952870547014,1.9955615783829734,4.307814789054946,7.043077866418806,24.840993792562227
102,MASIGNA_ROLLISHARPRATIO_MAXPOS5_210519_0,MASIGNA,ROLLISHARPRATIO,5,210519,45,35,0.8626180473459324,1.840024706609018,0.11016653428843459,0.06425500645191828,-0.04591152783651631,0.16962078974040043,0.37934500561209994,0.532577516685325,0.1622615079615606,0.8909007546350152,0.023962671005384517,-9.916174337889778e-05,-9.916174337889778e-05,0.8347999520150312,10601.074639637374,0.39599660609058407,0.1178075883806251,1362,2516,0.541335453100159,8.595447870778267,4.829620462046204,536,826,0.3935389133627019,0.04201815537545967,-0.021366971530815973,0.0035775424352367056,0.00024730936397153366,18626.180473459324,4.900838256621102,1.9639510399540618,4.126583957714654,7.640602169439015,21.966910964211188
103,MASIGNA_ROLLISHARPRATIO_MAXPOS5_210519_0,MASIGNA,ROLLISHARPRATIO,5,210519,45,40,1.1300234119926604,1.840024706609018,0.11016653428843459,0.07864602072494375,-0.03152051356349084,0.1619815275451036,0.48634517717421993,0.677158811058827,0.27761444376441,0.8299163726267806,0.06693409406001553,-2.8777415751997512e-05,-2.8777415751997512e-05,0.7937325641183894,4480.136646821109,0.2832922511470065,0.42304584701620307,1202,2516,0.47774244833068363,9.77620632279534,4.843775762572135,490,712,0.40765391014975044,0.04282376668558342,-0.02169745025434926,0.004604876118834612,0.0003006492927263519,21300.234119926605,4.971222584248002,1.9588674615671637,4.866498905390879,6.7589949492443635,27.994188861593546
104,MASIGNA_ROLLISHARPRATIO_MAXPOS5_210519_0,MASIGNA,ROLLISHARPRATIO,5,210519,45,45,1.6259190673488422,1.840024706609018,0.11016653428843459,0.10148821323691593,-0.008678321051518667,0.1670466592075753,0.608725531902019,0.8526471691711771,0.34246016551355146,0.8644298047792038,0.09198954045287105,4.5264693874785746e-05,4.5264693874785746e-05,0.8158458011006388,4788.7106351371585,0.29635041811278906,0.613956155915,1169,2516,0.46462639109697934,10.054747647562019,4.8470103092783505,465,704,0.397775876817793,0.04545610706516743,-0.020538838735572437,0.005712358695859593,0.0003838691672605826,26259.19067348842,5.045264693874786,2.032440469341934,6.404949968138141,7.1510871847405255,33.661761530809166
105,MASIGNA_ROLLISHARPRATIO_MAXPOS5_210519_0,MASIGNA,ROLLISHARPRATIO,5,210519,45,50,1.172109412878645,1.840024706609018,0.11016653428843459,0.08076115282104213,-0.029405381467392466,0.16587729218222835,0.48745917802004035,0.688195458268047,0.33108618535709156,0.9067590514583042,0.06290497479853792,-4.322083325971959e-05,-4.322083325971959e-05,0.8472776073203503,5500.038598203766,0.2439278846199443,0.496080258418818,1222,2516,0.48569157392686807,9.556464811783961,4.8196450680974,475,747,0.38870703764320785,0.041802801562326034,-0.01892527284995984,0.0046801570566160945,0.0003084289364041628,21721.094128786448,4.95677916674028,2.067121089449328,5.231166739820249,7.58341440854993,27.049170796205008
106,MASIGNA_ROLLISHARPRATIO_MAXPOS5_210519_0,MASIGNA,ROLLISHARPRATIO,5,210519,45,55,0.8905406003596648,1.840024706609018,0.11016653428843459,0.06584172849737024,-0.04432480579106435,0.16599677780641484,0.3974782353134151,0.5522387622808904,0.2057535332257693,0.8791682381052486,0.04259170548978218,-8.965278053263252e-05,-8.965278053263252e-05,0.8261439245580234,6349.638278112601,0.3200029057344226,0.2511960661485748,1389,2516,0.5520667726550079,8.37077033837293,4.802560925237505,524,865,0.37724982001439883,0.03923454579438146,-0.017952778306431924,0.0036211294177050184,0.0002532257734030005,18905.406003596647,4.910347219467368,2.085405293399866,4.1362368330953485,7.356332353247371,23.7481822005402
107,MASIGNA_ROLLISHARPRATIO_MAXPOS5_210519_0,MASIGNA,ROLLISHARPRATIO,5,210519,45,60,2.046037404516705,1.840024706609018,0.11016653428843459,0.11797783800559936,0.007811303717164764,0.16326805054557877,0.7242645320549699,1.0145231772576035,0.5212877814078358,0.8545568273433289,0.10461078995997516,0.00010700901963463878,0.00010700901963463878,0.8092580288615565,5414.473253631368,0.22631997567059403,0.8572446381512151,1391,2516,0.5528616852146264,8.329259525521207,4.791563275434243,551,840,0.396117900790798,0.03974569851396599,-0.017291491083342707,0.005301960726949953,0.0004428793376852111,30460.374045167053,5.1070090196346385,2.1236252438140593,7.377595023675251,6.918493785041525,40.46472610118713
108,MASIGNA_ROLLISHARPRATIO_MAXPOS5_210519_0,MASIGNA,ROLLISHARPRATIO,5,210519,50,5,0.8455810839075693,1.840024706609018,0.11016653428843459,0.06327632011077067,-0.046890214177663925,0.15365363224362272,0.41274106856007997,0.5746331753488012,0.16919810956219802,0.6632557413898097,0.052845917352936,-5.09215797176504e-05,-5.09215797176504e-05,0.7097651857149074,6704.373501070309,0.3739777014914578,0.14442489063759822,2890,2516,1.1486486486486487,3.8173010380622836,4.587110187110187,1174,1716,0.40622837370242215,0.02897450098553114,-0.016798579770792646,0.001795744384198399,0.0002436557369913961,18455.810839075693,4.9490784202823495,2.011470832997172,3.383650960998018,5.612296510652008,27.20145073210449
109,MASIGNA_ROLLISHARPRATIO_MAXPOS5_210519_0,MASIGNA,ROLLISHARPRATIO,5,210519,50,10,0.47228662468618565,1.840024706609018,0.11016653428843459,0.0394891471394101,-0.0706773871490245,0.15202758664981483,0.2600730559799587,0.3639324842208737,0.10774326557542802,0.648863066778777,0.0263864488925193,-0.00013822618833243006,-0.00013822618833243006,0.7036277164724563,5148.541178061072,0.36651151168018814,-0.06969673173211355,2320,2516,0.9220985691573926,4.86551724137931,4.676056338028169,909,1411,0.3918103448275862,0.030576846131717385,-0.01705666257057848,0.0016066388994158932,0.00015380386449665516,14722.866246861857,4.86177381166757,2.021604571888415,2.054765273749778,5.5081182398835775,21.807099269870385
110,MASIGNA_ROLLISHARPRATIO_MAXPOS5_210519_0,MASIGNA,ROLLISHARPRATIO,5,210519,50,15,0.41897252680865704,1.840024706609018,0.11016653428843459,0.035657478317175695,-0.0745090559712589,0.15509082924410078,0.23000865948660262,0.32783849946371646,0.12108976585551146,0.6896108359464168,0.025772670745956332,-0.0001602487570836835,-0.0001602487570836835,0.7213541508442434,3765.5403673366473,0.2944714449256054,0.0011250034757903649,1993,2516,0.7921303656597775,5.715002508780732,4.71830985915493,762,1231,0.38233818364274963,0.032702425689225184,-0.017601041596611938,0.0016318947163875043,0.00013913838450821606,14189.72526808657,4.839751242916317,2.023503228858771,1.911149946155922,5.660216315224401,20.599002415330613
111,MASIGNA_ROLLISHARPRATIO_MAXPOS5_210519_0,MASIGNA,ROLLISHARPRATIO,5,210519,50,20,0.12435416198237248,1.840024706609018,0.11016653428843459,0.011804466806357494,-0.0983620674820771,0.1628641493480658,0.07258714660491923,0.1009480424039477,0.035971505203735626,0.7755489264286923,0.0023422680358251404,-0.00027008773592804877,-0.00027008773592804877,0.7630482068512215,5025.554999732949,0.328161602899275,-0.28052865531144633,1800,2516,0.7154213036565977,6.368333333333333,4.748550124275062,683,1117,0.3794444444444444,0.03415079639912087,-0.019059518414480482,0.001130839928680477,4.660389366699409e-05,11243.541619823725,4.729912264071951,1.9731769900658502,0.6817040454017447,6.3568832628375285,13.775871652871578
112,MASIGNA_ROLLISHARPRATIO_MAXPOS5_210519_0,MASIGNA,ROLLISHARPRATIO,5,210519,50,25,1.1663811854591675,1.840024706609018,0.11016653428843459,0.08047544669703255,-0.029691087591402043,0.16807279065238204,0.479166031213871,0.6859785428706033,0.29863326731011247,0.8207537784944627,0.06783420879211496,-1.9772074355973242e-05,-1.9772074355973242e-05,0.7882495061525219,5711.740581634651,0.2694791756521342,0.4590605777758867,1572,2516,0.6248012718600954,7.375318066157761,4.800828157349897,615,957,0.39122137404580154,0.038820290752724376,-0.01951399343832366,0.0033076253768764287,0.00030737897375546414,21663.811854591677,4.9802279256440265,2.0083664745636995,4.8767120893190965,6.666294010242522,28.873434207792137
113,MASIGNA_ROLLISHARPRATIO_MAXPOS5_210519_0,MASIGNA,ROLLISHARPRATIO,5,210519,50,30,1.0651922141180914,1.840024706609018,0.11016653428843459,0.0753130091602674,-0.034853525128167195,0.1662645359311462,0.4534769996645052,0.6393620872746438,0.26454774572694784,0.8366231116585501,0.05934370026737348,-4.277237199418963e-05,-4.277237199418963e-05,0.7978402431193423,6458.928800862963,0.28468588516343474,0.3901897926667228,1477,2516,0.5870429252782194,7.883547731888964,4.833540888335409,569,908,0.3852403520649966,0.04230930368518921,-0.02028808897275718,0.00382695261314092,0.00028835916659185806,20651.922141180912,4.95722762800581,2.0119535963113173,4.601110711800375,6.8388222012357724,26.97502410135003
114,MASIGNA_ROLLISHARPRATIO_MAXPOS5_210519_0,MASIGNA,ROLLISHARPRATIO,5,210519,50,35,0.8720550626642187,1.840024706609018,0.11016653428843459,0.06479365310130203,-0.04537288118713256,0.16920340510333262,0.383656137377832,0.5346896019442796,0.18111396496426724,0.8680757786892395,0.036824863183266464,-9.032045297146596e-05,-9.032045297146596e-05,0.8183390453085021,8600.633085108715,0.35775072957011045,0.18425801248669949,1419,2516,0.5639904610492846,8.2184637068358,4.830985915492958,532,887,0.3749119097956307,0.04448514565718538,-0.020929953848802,0.0035949460364589503,0.0002493188037531517,18720.550626642187,4.909679547028533,2.0066784754980342,4.026885654843897,7.302114346978948,22.966017210444786
115,MASIGNA_ROLLISHARPRATIO_MAXPOS5_210519_0,MASIGNA,ROLLISHARPRATIO,5,210519,50,40,1.2858817406842529,1.840024706609018,0.11016653428843459,0.08629971858019703,-0.023866815708237565,0.17215327131582053,0.5018555700476138,0.7113368369955099,0.28748333686927385,0.8733710740089138,0.05417208331345763,-1.2439521452000388e-05,-1.2439521452000388e-05,0.8220221750974803,5860.471900634646,0.30019033283810725,0.4698049470845511,1271,2516,0.5051669316375199,9.215578284815106,4.850103519668737,482,789,0.37922895357985836,0.04732887415330663,-0.021242246861129202,0.004761907606973134,0.0003287283626442676,22858.81740684253,4.9875604785480006,2.0207252705679934,5.404951493722903,7.273992041674577,28.64166920238652
116,MASIGNA_ROLLISHARPRATIO_MAXPOS5_210519_0,MASIGNA,ROLLISHARPRATIO,5,210519,50,45,2.092160502566036,1.840024706609018,0.11016653428843459,0.11966133027459747,0.009494795986162874,0.17189469574100075,0.696925734831942,0.9949774335756035,0.38838881245521706,0.8857330003212988,0.10743568228753571,0.00010398888873364035,0.00010398888873364035,0.830932542091972,6477.814043246937,0.30809674850867375,0.7605608952354821,1147,2516,0.45588235294117646,10.211857018308631,4.848096026490066,436,711,0.3801220575414124,0.05259729816858112,-0.02035302730783738,0.007377000510574535,0.0004488548860270024,30921.60502566036,5.103988888733641,2.103705405184652,7.5736950079339795,7.4340908635111695,38.35121583797118
117,MASIGNA_ROLLISHARPRATIO_MAXPOS5_210519_0,MASIGNA,ROLLISHARPRATIO,5,210519,50,50,1.2632080504445424,1.840024706609018,0.11016653428843459,0.08521604211646983,-0.024950492171964767,0.17432618012700893,0.48971210038127116,0.6897538578630983,0.317453499427815,0.9002221878024224,0.07179084202104176,-2.4700790895638047e-05,-2.4700790895638047e-05,0.8420148018146771,6121.24060500423,0.2684362978202006,0.5042123201119235,1183,2516,0.47019077901430845,9.880811496196111,4.838162251655629,460,723,0.3888419273034658,0.04431445345857681,-0.02021499265843233,0.00487676153753065,0.00032476473085720994,22632.080504445425,4.975299209104362,2.035198221518915,5.492447096184663,7.557844008814417,27.965329044133572
118,MASIGNA_ROLLISHARPRATIO_MAXPOS5_210519_0,MASIGNA,ROLLISHARPRATIO,5,210519,50,55,1.7350718773625062,1.840024706609018,0.11016653428843459,0.10598892165130835,-0.004177612637126238,0.17418174574378553,0.6099604786149199,0.8504312937738491,0.33256807968844526,0.9036413415460178,0.09076392233883492,4.946395864649896e-05,4.946395864649896e-05,0.8447452464189107,11536.940326972323,0.3186984203372746,0.6224074934955137,1191,2516,0.4733704292527822,9.832913518052058,4.84726821192053,449,742,0.37699412258606213,0.046422579452778556,-0.018889136039170057,0.005732996837307631,0.00040006271017889385,27350.718773625063,5.049463958646498,2.114305079404125,6.786658593589097,7.691059785674794,33.55527642080853
119,MASIGNA_ROLLISHARPRATIO_MAXPOS5_210519_0,MASIGNA,ROLLISHARPRATIO,5,210519,50,60,2.1799270171828264,1.840024706609018,0.11016653428843459,0.12280332758385715,0.012636793295422555,0.16789703096319178,0.732937395580859,1.0285588049428303,0.5216864662760494,0.8616847322702916,0.11815392563144952,0.00012214886052383175,0.00012214886052383175,0.8139906898056414,5422.305085106775,0.23539680540394925,0.8884599663559154,1274,2516,0.5063593004769475,9.131083202511775,4.814983443708609,512,762,0.40188383045525905,0.04272489803959861,-0.01837353080180995,0.0061809398157733975,0.0004599833979949408,31799.270171828262,5.122148860523832,2.1022957914558975,7.758521206652467,7.021032678158072,41.57595884150633
120,MASIGNA_ROLLISHARPRATIO_MAXPOS5_210519_0,MASIGNA,ROLLISHARPRATIO,5,210519,55,5,0.43870033541982134,1.840024706609018,0.11016653428843459,0.037090177433807936,-0.07307635685462666,0.14887445523865733,0.24967699656650572,0.34609655187195776,0.10873128281236184,0.5803675740618988,0.029088700790908365,-0.00013593874345628725,-0.00013593874345628725,0.6760083165126352,4636.831471683554,0.3411178133326602,-0.05347037518231623,2775,2516,1.1029411764705883,3.937657657657658,4.5662348516506475,1137,1638,0.4097297297297297,0.02774874248023501,-0.01692708302280424,0.001377930886008598,0.00014462829471241696,14387.003354198214,4.864061256543713,1.9860790578957512,1.8361442337183171,5.07770972626349,22.431243824493
121,MASIGNA_ROLLISHARPRATIO_MAXPOS5_210519_0,MASIGNA,ROLLISHARPRATIO,5,210519,55,10,0.3592562037448297,1.840024706609018,0.11016653428843459,0.03120871764016897,-0.07895781664826562,0.14980299829443564,0.20866672220546073,0.29070808183558167,0.0847816588505809,0.5736563786193651,0.023120011049410354,-0.00015745323431877136,-0.00015745323431877136,0.6734278004662315,4559.669764544262,0.3681069474610208,-0.15209747869336354,2264,2516,0.8998410174880763,4.936395759717315,4.664440734557596,874,1390,0.38604240282685515,0.031378637674368895,-0.01740262488050387,0.0014290109291069059,0.00012204279965308914,13592.562037448297,4.842546765681229,2.0154045666138605,1.497548414488466,5.086485268634597,21.14537850741031
122,MASIGNA_ROLLISHARPRATIO_MAXPOS5_210519_0,MASIGNA,ROLLISHARPRATIO,5,210519,55,15,0.37352780947946584,1.840024706609018,0.11016653428843459,0.03228769057755532,-0.07787884371087928,0.1515285290241954,0.2133724007521496,0.29797172834840613,0.11294428878111297,0.6091352145132671,0.024253544482901408,-0.00015906223512304152,-0.00015906223512304152,0.687311008335064,4398.553323592907,0.2858727158849895,-0.01931158994994142,1947,2516,0.7738473767885533,5.8192090395480225,4.712978369384359,746,1201,0.38315356959424757,0.03379735754658412,-0.018370546232853145,0.001617772318487481,0.00012619581451769855,13735.27809479466,4.8409377648769585,2.0006386064375916,1.6019356612421014,5.157142943047665,21.151300977037067
123,MASIGNA_ROLLISHARPRATIO_MAXPOS5_210519_0,MASIGNA,ROLLISHARPRATIO,5,210519,55,20,0.20859186662907603,1.840024706609018,0.11016653428843459,0.0191500177060826,-0.09101651658235199,0.1572476149150947,0.12203557349299918,0.1685810759580987,0.06170436908356902,0.7316925077485816,0.007807411103719123,-0.00023218178305342774,-0.00023218178305342774,0.740930898288424,5119.817236269342,0.31035108194926786,-0.1821166899578106,1716,2516,0.6820349761526232,6.668997668997669,4.760399334442596,645,1071,0.3758741258741259,0.03549922418134115,-0.019158206396405118,0.0013861075445309823,7.533039178617738e-05,12085.91866629076,4.767818216946573,1.9855091664251447,1.0604960322270574,5.977805634613324,16.063907882365783
124,MASIGNA_ROLLISHARPRATIO_MAXPOS5_210519_0,MASIGNA,ROLLISHARPRATIO,5,210519,55,25,0.28471862583599905,1.840024706609018,0.11016653428843459,0.025402150923645506,-0.08476438336478909,0.16258058407415185,0.15642184218736818,0.21936112487367573,0.0831879382341811,0.7530840010689713,0.013796580962951447,-0.00021226926982067276,-0.00021226926982067276,0.7514728465537319,5237.616788255229,0.30535858278079087,-0.11381978686156558,1538,2516,0.6112877583465819,7.491547464239272,4.792845257903494,583,955,0.3790637191157347,0.037777362610251206,-0.020138118399005762,0.001815539226739888,9.961818137142346e-05,12847.18625835999,4.7877307301793275,1.9691938550048806,1.4379493627996542,6.14356815848125,16.815679689519587
125,MASIGNA_ROLLISHARPRATIO_MAXPOS5_210519_0,MASIGNA,ROLLISHARPRATIO,5,210519,55,30,0.9525487852863781,1.840024706609018,0.11016653428843459,0.06929130819210605,-0.04087522609632854,0.16468670453436368,0.42121669749321966,0.5925163872550129,0.23047844807564166,0.8183814002380834,0.05464688663900904,-6.0513497133439715e-05,-6.0513497133439715e-05,0.7868528454721004,6451.20841971164,0.30064116090093185,0.3115442806656432,1383,2516,0.5496820349761526,8.369486623282718,4.818900915903414,540,843,0.39045553145336226,0.0416754587049171,-0.02067092312295041,0.003672566527843847,0.0002660578880643015,19525.487852863782,4.93948650286656,1.9891606450269976,4.18809461939159,6.686490024637011,25.688317399437665
126,MASIGNA_ROLLISHARPRATIO_MAXPOS5_210519_0,MASIGNA,ROLLISHARPRATIO,5,210519,55,35,1.4625152771975758,1.840024706609018,0.11016653428843459,0.09442542059711068,-0.015741113691323916,0.16423388386581184,0.5754807916178497,0.8199621487093185,0.3338543279501421,0.7992016881326134,0.08221915768986401,3.6305873585833215e-05,3.6305873585833215e-05,0.775880563480268,7460.444396951134,0.2828341965098389,0.5687350790180297,1285,2516,0.510731319554849,9.013229571984436,4.821815154038301,489,796,0.38054474708171204,0.04710014665284276,-0.02128011629909767,0.004741633571329469,0.00035832337891966774,24625.152771975758,5.0363058735858335,2.01707426513631,5.569902667152733,6.484416073693353,33.05464250455241
127,MASIGNA_ROLLISHARPRATIO_MAXPOS5_210519_0,MASIGNA,ROLLISHARPRATIO,5,210519,55,40,1.9511036788122125,1.840024706609018,0.11016653428843459,0.1144393076980268,0.004272773409592201,0.1692989482740037,0.6763708836446505,0.9724192957814582,0.3623941035398052,0.8441122299209222,0.08572561033570647,9.721284496407517e-05,9.721284496407517e-05,0.8025279652781216,8505.507937255545,0.3157868921712652,0.7026933800625024,1190,2516,0.47297297297297297,9.787394957983194,4.8448419301164725,447,743,0.37563025210084033,0.052771682713720305,-0.021423843813394725,0.006446240520740079,0.0004302899518067848,29511.036788122125,5.0972128449640755,2.0606061555363966,6.979324260622171,6.975135237767534,37.61462354798036
128,MASIGNA_ROLLISHARPRATIO_MAXPOS5_210519_0,MASIGNA,ROLLISHARPRATIO,5,210519,55,45,1.719746319101347,1.840024706609018,0.11016653428843459,0.10536686323425593,-0.004799671054178667,0.16998143672051286,0.6207852530836312,0.8805707873455186,0.31846606870918537,0.8590904679838016,0.08637709414092776,6.0714548584901045e-05,6.0714548584901045e-05,0.8122544200524441,6988.485734407979,0.3308574243445511,0.598780486933622,1118,2516,0.44435612082670906,10.404293381037567,4.838602329450915,416,702,0.37209302325581395,0.05470556349736365,-0.021856886158914457,0.006631467201561117,0.00039782847352770644,27197.46319101347,5.060714548584901,2.058854915341949,6.486297126885915,7.1599686323446745,34.271588671056826
129,MASIGNA_ROLLISHARPRATIO_MAXPOS5_210519_0,MASIGNA,ROLLISHARPRATIO,5,210519,55,50,0.8987475008974033,1.840024706609018,0.11016653428843459,0.066304082383843,-0.04386245190459159,0.16628121952856445,0.3997183997698449,0.5550612688008215,0.19680934844112427,0.8135033796104465,0.057950547025039746,-7.044316139541489e-05,-7.044316139541489e-05,0.7840094005014785,5579.63133667178,0.33689498445587274,0.23037255189041872,1109,2516,0.4407790143084261,10.51487826871055,4.852684144818976,423,686,0.3814247069431921,0.045588171996678944,-0.021181164772157996,0.004286309937686933,0.0002549480949279972,18987.475008974034,4.929556838604585,2.006952500747371,3.961430514681016,6.706900489430669,24.83058261426583
130,MASIGNA_ROLLISHARPRATIO_MAXPOS5_210519_0,MASIGNA,ROLLISHARPRATIO,5,210519,55,55,0.9857141879838123,1.840024706609018,0.11016653428843459,0.07109606422232062,-0.03907047006611397,0.16823632944088343,0.42368762854022285,0.5849355427815746,0.23093735287570913,0.8436232309962466,0.05536222420064447,-6.01937740412663e-05,-6.01937740412663e-05,0.8022185801603663,8090.133544697444,0.30785866096154935,0.31801354480985644,1070,2516,0.42527821939586646,10.903738317757009,4.849127182044888,424,646,0.39626168224299063,0.044374167203773934,-0.021200737207484787,0.004784084727443901,0.00027275492718272274,19857.141879838124,4.939806225958734,1.9944282898872785,4.4075468709971615,6.953476614612706,25.577779059177153
131,MASIGNA_ROLLISHARPRATIO_MAXPOS5_210519_0,MASIGNA,ROLLISHARPRATIO,5,210519,55,60,1.8547673118553547,1.840024706609018,0.11016653428843459,0.11074219081763603,0.0005756565292014404,0.17150183925107867,0.6477648763522809,0.894581354633267,0.36192995567731207,0.866289255270717,0.09962972821621313,7.796314748445223e-05,7.796314748445223e-05,0.8171130507281569,9698.196607513608,0.305976858451504,0.6837403639488713,1119,2516,0.4447535771065183,10.398570151921358,4.842280482729921,440,679,0.3932082216264522,0.04657577660402767,-0.01953680383570476,0.006459206346138196,0.0004170935736816692,28547.673118553546,5.077963147484453,2.086453073291401,6.973975496043872,7.201493316629754,36.55430573757628
132,MASIGNA_ROLLISHARPRATIO_MAXPOS5_210519_0,MASIGNA,ROLLISHARPRATIO,5,210519,60,5,0.7345061199593925,1.840024706609018,0.11016653428843459,0.05668875852583666,-0.053477775762597934,0.14812154185568804,0.383147439765562,0.5401851232785487,0.1601844076245859,0.5781009603702543,0.044074329014172145,-6.122911464475687e-05,-6.122911464475687e-05,0.6751344415107154,7938.483409714643,0.353896857793391,0.11392659070661537,2667,2516,1.0600158982511925,4.082114735658043,4.576292559899117,1051,1616,0.39407574053243344,0.030234504902143425,-0.01675717006927555,0.0017611090439457987,0.0002189752349075067,17345.061199593925,4.938770885355243,2.032101506601628,2.7555745120958495,5.082262623482259,27.205099572553518
133,MASIGNA_ROLLISHARPRATIO_MAXPOS5_210519_0,MASIGNA,ROLLISHARPRATIO,5,210519,60,10,0.09868757523606142,1.840024706609018,0.11016653428843459,0.009467783717181932,-0.10069875057125266,0.14976971278451692,0.06327461053227236,0.08805941612473706,0.024007951916780287,0.5608683807414427,0.00464510234046497,-0.0002400563469289934,-0.0002400563469289934,0.6685663357555245,5000.028484149269,0.3943603248623825,-0.40735371118120334,2255,2516,0.8962639109697933,4.922838137472284,4.65060745705907,863,1392,0.3827050997782705,0.030361679915765622,-0.017321850378872163,0.0009268798403173741,3.742200956504977e-05,10986.875752360615,4.759943653071007,2.005137231518203,0.4466774817414612,5.060441778938165,16.787302012883014
134,MASIGNA_ROLLISHARPRATIO_MAXPOS5_210519_0,MASIGNA,ROLLISHARPRATIO,5,210519,60,15,0.4261997522750207,1.840024706609018,0.11016653428843459,0.03618441200455558,-0.07398212228387901,0.1504838637398177,0.24065245052136305,0.3359681317957092,0.1129510890758516,0.6017347814190214,0.02612452157567712,-0.00014287683614240155,-0.00014287683614240155,0.6843647317857081,4084.9728232282814,0.32035469777769177,-0.03117084036281703,1959,2516,0.7786168521462639,5.7437468095967334,4.7040133779264215,751,1208,0.3833588565594691,0.03354709309575485,-0.018143543135794,0.0016725200647640353,0.0001411584059309065,14261.997522750207,4.857123163857598,2.0082106907267603,1.7822517029840108,5.165632988009129,21.981041616536135
135,MASIGNA_ROLLISHARPRATIO_MAXPOS5_210519_0,MASIGNA,ROLLISHARPRATIO,5,210519,60,20,0.08081138672358246,1.840024706609018,0.11016653428843459,0.007811139508623333,-0.10235539477981126,0.15479876172937274,0.05052700254964854,0.07000298946056492,0.023899221318438007,0.6837249326719865,0.0017312654902929458,-0.0002673963836711427,-0.0002673963836711427,0.7187246436845651,4751.023133461398,0.3268365694658477,-0.3180550969187781,1780,2516,0.7074721780604134,6.352808988764045,4.7294019238812215,666,1114,0.3741573033707865,0.03411583108298454,-0.01887369045696213,0.0009527260293325214,3.089942070254016e-05,10808.113867235825,4.732603616328857,1.9812422994151349,0.41316328647122497,5.671590096806945,14.627334486612044
136,MASIGNA_ROLLISHARPRATIO_MAXPOS5_210519_0,MASIGNA,ROLLISHARPRATIO,5,210519,60,25,0.25487758785114023,1.840024706609018,0.11016653428843459,0.0229921456333817,-0.08717438865505289,0.1621058476117704,0.14195956414261762,0.19938575439173103,0.08271353335902659,0.7544714355071034,0.014464785567420318,-0.00022190408761974139,-0.00022190408761974139,0.7521720800896227,4064.64870603258,0.27797320099459333,-0.09865499477652762,1575,2516,0.625993640699523,7.233015873015873,4.762541806020067,589,986,0.37396825396825395,0.037439535612450114,-0.019607979307799058,0.0017259802401544413,9.027356988692387e-05,12548.775878511402,4.778095912380258,1.9884647733841327,1.297262483945272,6.108239194269354,16.54298230260381
137,MASIGNA_ROLLISHARPRATIO_MAXPOS5_210519_0,MASIGNA,ROLLISHARPRATIO,5,210519,60,30,0.8708734371261329,1.840024706609018,0.11016653428843459,0.06472634219018314,-0.04544019209825145,0.16406202390413765,0.39511560065716617,0.5528047450319257,0.23261064576828397,0.7909544534821107,0.05720617357219223,-7.105878408706511e-05,-7.105878408706511e-05,0.7713243981796981,4608.131683415286,0.27826044666356564,0.30031446587752697,1396,2516,0.5548489666136724,8.257163323782235,4.816966151274551,537,859,0.3846704871060172,0.04147337857803091,-0.020414796279609737,0.0033917580889812607,0.00024906775367645556,18708.73437126133,4.9289412159129355,1.997879315210058,3.8046951095910444,6.405932992793674,25.294909598053742
138,MASIGNA_ROLLISHARPRATIO_MAXPOS5_210519_0,MASIGNA,ROLLISHARPRATIO,5,210519,60,35,1.1574463933286636,1.840024706609018,0.11016653428843459,0.0800284470851822,-0.030138087203252395,0.16836428456774638,0.4761090277524884,0.6686940565439157,0.2070395480609983,0.8268647000471012,0.05476881287995518,-2.2926417629851048e-05,-2.2926417629851048e-05,0.7918903424409054,11909.667943939363,0.3865370062612583,0.28028996045091326,1371,2516,0.544912559618442,8.39241429613421,4.808190555787714,523,848,0.38147337709700946,0.044031164631522596,-0.020494913267529166,0.0041200675794468185,0.0003057357045748142,21574.463933286635,4.977073582370149,2.020468003242513,4.835070993386913,6.921693409693096,27.72556226621455
139,MASIGNA_ROLLISHARPRATIO_MAXPOS5_210519_0,MASIGNA,ROLLISHARPRATIO,5,210519,60,40,1.744987552380603,1.840024706609018,0.11016653428843459,0.10638972592036211,-0.0037768083680724818,0.16816942357080203,0.6331161173718544,0.9057513955906406,0.3113063365102994,0.8497878933656758,0.07886283380163006,6.691867309505762e-05,6.691867309505762e-05,0.806156157930377,10494.094015920513,0.3417525229745597,0.5916022268346826,1243,2516,0.4940381558028617,9.30249396621078,4.834030100334449,465,778,0.37409493161705554,0.050552191310285134,-0.02048637867408061,0.006088790306394106,0.000401501606480849,27449.87552380603,5.066918673095058,2.0808095938356037,6.510427915427565,7.073600757615659,35.01965295928003
140,MASIGNA_ROLLISHARPRATIO_MAXPOS5_210519_0,MASIGNA,ROLLISHARPRATIO,5,210519,60,45,1.6589555199599721,1.840024706609018,0.11016653428843459,0.1028679031005888,-0.007298631187845794,0.17227109261787282,0.5979382623840276,0.8472932668737923,0.31355544694620546,0.87176768969758,0.07924998829102098,4.813862618406801e-05,4.813862618406801e-05,0.8208988995477714,9131.587088002761,0.328069258890078,0.5803333764176948,1138,2516,0.4523052464228935,10.184534270650264,4.84329293773506,440,698,0.3866432337434095,0.0517841438436451,-0.021925370166973157,0.006573914687747437,0.000388840311734651,26589.55519959972,5.048138626184068,2.0323029317500514,6.472504646662509,7.303918529620716,33.25611993848574
141,MASIGNA_ROLLISHARPRATIO_MAXPOS5_210519_0,MASIGNA,ROLLISHARPRATIO,5,210519,60,50,1.290293363079209,1.840024706609018,0.11016653428843459,0.08650944483957157,-0.023657089448863022,0.16565474363675245,0.5232691455641773,0.7381721314776967,0.25066487606419724,0.8401360955852912,0.07750101850578339,-2.5434932846639087e-06,-2.5434932846639087e-06,0.8000254833099876,8602.067765775206,0.3451199314315414,0.40537675397518314,1083,2516,0.4304451510333863,10.710987996306557,4.849498327759197,419,664,0.38688827331486614,0.04833552834289444,-0.022183632682912225,0.005099403761975122,0.0003294949962263952,22902.93363079209,4.997456506715336,1.9922011389700078,5.307459847908915,6.972115277106048,29.28589371627549
142,MASIGNA_ROLLISHARPRATIO_MAXPOS5_210519_0,MASIGNA,ROLLISHARPRATIO,5,210519,60,55,1.2183373546083662,1.840024706609018,0.11016653428843459,0.08304236114237962,-0.027124173146054975,0.17897765365566673,0.4649067685146559,0.6521751514896449,0.2543494136107785,0.9040816452975203,0.0708491873235522,-3.394378267849437e-05,-3.394378267849437e-05,0.8451004147719033,9702.102193779705,0.32648929660776127,0.4015065848587689,1113,2516,0.442368839427663,10.438454627133872,4.85296574770259,437,676,0.3926325247079964,0.04599569792050677,-0.021895414172547558,0.004760844573781948,0.0003168023761126816,22183.37354608366,4.966056217321505,1.98201088365978,5.384110320201958,7.726289992981892,26.51932389447202
143,MASIGNA_ROLLISHARPRATIO_MAXPOS5_210519_0,MASIGNA,ROLLISHARPRATIO,5,210519,60,60,1.8801488010959209,1.840024706609018,0.11016653428843459,0.11172702698055437,0.0015604926921197748,0.1691242510084011,0.6625334218418031,0.919405939941542,0.3264703919678034,0.8568985920254144,0.10056318609018616,8.410288554366706e-05,8.410288554366706e-05,0.8107998310845189,10943.84458623943,0.34222713522999326,0.6389463622925025,1023,2516,0.40659777424483307,11.377321603128054,4.857679465776294,423,600,0.41348973607038125,0.046072083060616977,-0.020756354394716518,0.006876518570685308,0.0004206131053122685,28801.48801095921,5.0841028855436665,2.0291356939956824,7.096835550447016,7.152752740072078,36.868593853372545
